GRBID	z	logTa_best	logTa_min	logTa_max	logFa	logFa_min	logFa_max	Photonindex_plateau	Photonerror_max	Photonerror_min	Alpha_best	Alpha_min	Alpha_max	Tt	Tfinal	kplateau	dk	logTa_rescaled	logTaErr	logLumTa	logLumTaErr	Gold1	Gold2	EnergyFlux	EnergyFluxerr	phinprompt	phinprompterror	Epeak	Epeakerror	Kprompt	KPrompterror	logLpeak	logLpeakerr	Environment	Functionalform	Eiso	Eisoerror	DistanceLum	GRBID_1	Theta	ThetaErr
50318	1.44	4.132084541	4.088304205	4.175864876	-11.15470519	-11.21652488	-11.0928855	1.98	0.257	0.183	1.874408221	1.788501702	1.960314741	2.7	5	0.982318229	0.116830125	3.744694715	0.043780336	46.94729964	0.080558058	L	L	2.16e-7	1.01e-8	-0.805756	0.266856364	67.2495	9.878212121	0.707543397	0.069286435	51.29420569	0.0471	Wind	CPL	51.3	0.0471	28.5053	50318	12.760690335838593	0.18083844362775148
50319	3.24	3.73997	3.67804	3.8019	-10.7047	-10.7464	-10.6631	1.971	0.118	0.1	0.863159	0.828601	0.897717	2.56	6	0.958973023	0.091513573	3.112604143	0.06193	48.24574508	0.05875663	XRF	XRF	7.72e-8	9.55e-9	-0.107529	1.270084848	40.0123	6.370363636	0.635731039	0.180705554	51.65939212	0.1346	S	CPL	51.7	0.1346	28.9347	50319	11.434651912073242	0.46237993848314635
50401	2.9	3.12435	3.09602	3.15268	-9.65399	-9.67345	-9.63454	1.9995	0.256080554	0.221251554	0.984108	0.958047	1.01017	2	6	0.999319743	0.196726026	2.533285393	0.02833	49.19861387	0.087680807	L	L-G	1.1e-6	6.01e-8	-0.0665502	0.391551818	107.979	24.40133333	0.224291458	0.072924134	52.24443233	0.1432	ISM	CPL	52.2	0.1432	28.8768	50401	9.592993165668807	0.4121347791118019
60206	4.05	3.93814	3.8637	4.01258	-10.6316	-10.7022	-10.5611	2.265	0.20808652	0.182002747	1.17565	1.14698	1.20432	2	6.4	1.535932801	0.294017553	3.234848622	0.07444	48.75450576	0.109035668	XRF-IS	XRF-IS	2.01e-7	8.25e-9	-0.908684	0.234055758	81.7643	16.55839394	0.371942979	0.084113102	52.07375996	0.0998	N/A	CPL	52.1	0.0998	29.0503	60206	10.097091283009956	0.30246650124685115
60306	1.55	3.61496	3.57044	3.65948	-10.7056	-10.7405	-10.6706	1.76	0.24	0.22	1.03794	1.01296	1.06292	2.4	6	0.798785838	0.104230162	3.20841982	0.04452	47.38550305	0.066580064	SEE	SEE	4.7e-7	1.72e-8	-0.818999	0.222917273	111.534	35.1189697	0.538274019	0.088434677	51.59147614	0.0731	S	CPL	51.6	0.0731	28.5447	60306	11.670301014250295	0.25627623495218355
60526   3.21	3.8752	3.78304	3.96736	-11.305	-11.3729	-11.2372	1.93	0.156	0.095	1.05873	0.996411	1.12104	2.95	6	0.904274436	0.098868195	3.250917904	0.09216	47.61025074	0.082814756	T	T	1.3e-7	1.05e-8	-0.336058	0.510913333	89.7918	45.582	0.282806326	0.1574739	51.52396951	0.2443	N/A	CPL	51.5	0.2443	28.9299	60526	11.909376251073448	0.8741997283455344
60708	1.92	3.50569	3.44297	3.56842	-10.8688	-10.93	-10.8077	2.485	1.069824752	0.401621713	1.12969	1.10116	1.15821	2.27	6.2	1.681553475	0.803465575	3.040307149	0.062725	47.77426631	0.216333293	L-G-P	L-G	6.89e-8	7.96e-9	-0.844645	0.302002121	121.922	347.8896667	0.466831588	0.563402127	50.92501587	0.5265	ISM	CPL	50.9	0.5265	28.6591	60708	14.259103713617574	2.2590243454951873
60714	2.71	3.73449	3.68772	3.78125	-10.8586	-10.8938	-10.8234	1.87	0.15	0.14	1.20488	1.16958	1.24019	2.46	6.2	0.843298624	0.09715803	3.16511609	0.046765	47.84924226	0.06117704	L-G-P	L-G	9.13e-8	5.49e-9	-0.651006	0.467112424	80.8231	51.71736364	0.423637042	0.222552048	51.3692448	0.2296	S	CPL	51.4	0.2296	28.8413	60714	12.476117807361783	0.8610166459876499
60908	1.8836	2.81918	2.75925	2.87911	-9.62707	-9.67226	-9.58189	2.185	0.17613915	0.169189243	1.38309	1.33345	1.43273	1.5	6	1.216432397	0.134808877	2.359244983	0.05993	48.85498695	0.066016438	L	L-G	2.71e-7	1.49e-8	-0.274293	0.361500909	123.016	53.4069697	0.346779392	0.116485185	51.36936225	0.1478	Wind	CPL	51.4	0.1478	28.6489	60908	12.475677463795341	0.554265212916247
60927	5.6	3.15198	3.04355	3.26042	-10.7768	-10.8579	-10.6956	1.83	0.910823803	0.553827591	1.39098	1.2722	1.50977	1.68	5.2	0.725567015	0.607695178	2.332436064	0.108435	48.61474196	0.372683551	L	L-G	2.46e-7	1.07e-8	-0.285971	0.259095152	130.199	36.73636364	0.103144433	0.04002674	51.93612028	0.1696	Wind	CPL	51.9	0.1696	29.2158	60927	10.522958864538019	0.5356806302146878
70306	1.4959	4.86926	4.84102	4.8975	-11.2737	-11.3072	-11.2402	1.831	0.086	0.084	1.89982	1.83794	1.9617	2.7	6.1	0.856778592	0.040369952	4.472032819	0.02824	46.80976681	0.039255488	L-G-P	L-G	2.01e-7	8.99e-9	-1.18761	0.214595455	116.731	276.2137273	0.639264127	0.407557248	51.25954849	0.2776	N/A	CPL	51.3	0.2776	28.5257	70306	12.894322262170256	1.0758556022262793
70508	0.82	3.02525	3.01336	3.03714	-9.16118	-9.17197	-9.15038	1.764	0.037	0.036	1.37377	1.36042	1.38713	2	6	0.868206739	0.011501125	2.765178612	0.01189	48.28276817	0.012232339	L-G-P	L-G	2.24e-6	3.07e-8	-0.678584	0.093997273	213.491	43.08666667	0.570160107	0.031652256	51.6118819	0.0248	ISM	CPL	51.6	0.0248	28.203	70508	11.598989519336717	0.08652130779034303
70521	0.553	3.55243	3.50399	3.60087	-10.0125	-10.0615	-9.96348	1.98	0.808115091	0.513078941	1.44502	1.38882	1.50122	1.8	5.5	0.991234869	0.17468997	3.361258544	0.04844	47.0714055	0.090884585	L-G-P	L-G	8.71e-8	1.2e-8	-0.528335	0.164807273	184.342	61.55121212	0.66213534	0.053106407	49.84872572	0.0693	Wind	CPL	49.8	0.0693	27.9942	70521	19.725843911247694	0.41306818777738774
71117	1.3331	3.901990464	3.784827497	4.019153431	-11.23542972	-11.3364541	-11.13440533	1.94	0.34	0.32	1.104952391	1.015564589	1.194340193	2	5	0.950438453	0.161041884	3.53405711	0.117162967	46.76944258	0.124983697	L	L	1.04e-6	2.26e-8	-0.313757	0.143084455	143.397	19.47363636	0.422948032	0.038156769	51.66984542	0.0403	S	CPL	51.7	0.0403	28.4639	71117	11.398809747039778	0.137972894927036
80310	2.4266	4.326080559	4.2880938	4.364067319	-11.39909559	-11.44156902	-11.35662216	1.878	0.139	0.064	1.595906475	1.530630124	1.661182827	3	6	0.860491657	0.065190955	3.791217148	0.037986759	47.20124797	0.053726597	T	T	7.52e-8	8.93e-9	-0.718262	0.813071212	43.814	16.80633333	0.754567723	0.263836736	51.41946514	0.1604	ISM	CPL	51.4	0.1604	28.7832	80310	12.289247551763971	0.5922502128401452
80516	3.2	3.774528265	3.66347057	3.885585961	-11.12117508	-11.19897875	-11.04337142	2.48	0.6	0.54	0.940169156	0.855280798	1.025057514	2.8	5	1.991405303	0.987252068	3.151278975	0.111057696	48.13368457	0.228930889	IS	IS	1.22e-7	1.4e-8	-0.267739	0.763430303	71.2591	55.37118182	0.343117931	0.305696338	51.5760534	0.3901	N/A	CPL	51.6	0.3901	28.9282	80516	11.724491256153991	1.373972009631896
81221	2.26	2.931957486	2.900780835	2.963134137	-9.354590372	-9.379575872	-9.329604872	1.991	0.056	0.055	1.235861256	1.222999399	1.248723112	2.4	6	0.989420813	0.039328493	2.418739886	0.031176651	49.23122892	0.03036904	L-G-P	L-G	1.47e-6	2.46e-8	-0.786642	0.109054545	141.902	21.64121212	0.380389005	0.038129286	52.33887632	0.0441	N/A	CPL	52.3	0.0441	28.7456	81221	9.32499174100697	0.12346302110193991
90424	0.544	2.995990561	2.982595747	3.009385375	-9.050589497	-9.061846595	-9.039332398	1.924	0.039	0.039	1.128410598	1.122863712	1.133957485	2.3	6.5	0.967526359	0.00993367	2.807343265	0.013394814	48.00559854	0.012108029	XRF-N-E	XRF-N-E	5.81e-6	1.01e-7	-0.984222	0.11369	183.397	61.85060606	0.746039872	0.040384268	51.70735724	0.0247	N/A	CPL	51.7	0.0247	27.9856	90424	11.271118121111677	0.08361557052593473
90927	1.37	4.201218887	4.107976938	4.294460836	-11.67225839	-11.74852686	-11.59598991	1.92	0.21	0.19	1.130877409	1.056033438	1.20572138	3	6	0.933297564	0.097616133	3.826470541	0.093241949	46.35403031	0.088770625	SEE	SEE	1.18e-7	1.23e-8	-0.670153	0.618722121	55.1356	22.83960606	0.790955202	0.209388656	51.02813037	0.1235	N/A	CPL	51	0.1235	28.4785	90927	13.823558452503526	0.5136658715221428
91029	2.752	4.303689975	4.269465973	4.337913978	-11.34682089	-11.37245441	-11.32118737	2.064	0.1	0.096	1.121233681	1.094451657	1.148015706	2.8	6.3	1.088310505	0.085471504	3.729427145	0.034224002	47.48793508	0.042666318	L-G-P	L-G	1.09e-7	7.86e-9	-0.926139	0.393725758	53.1629	11.0969697	0.640799263	0.127707212	51.6419751	0.092	S	CPL	51.6	0.092	28.8494	91029	11.494623353109677	0.31776790726895976
050820A	2.612	3.750945731	3.512468203	3.98942326	-10.01825047	-10.28499148	-9.751509454	1.92	0.257	0.176	1.136499703	1.123974002	1.149025404	2.5	6	0.902360717	0.15205743	3.193197989	0.238477529	48.68028519	0.276598189	XRF-SEE	XRF-SEE	2.1e-7	1.79e-8	-0.188493	0.447262727	110.609	80.54530303	0.264490596	0.174736154	51.48861579	0.2893	N/A	CPL	51.5	0.2893	28.822	050820A	12.036543734295135	1.0460955199194588
050922C	2.198	2.52429	2.48998	2.55859	-9.4772	-9.50914	-9.44526	2.064	0.082	0.056	1.22035	1.20708	1.23363	1	6	1.07723938	0.052369677	2.019411541	0.034305	49.11609663	0.03828742	XRF-IS	XRF-IS	5.84e-7	1.74e-8	-0.889571	0.172227273	146.483	64.99424242	0.411797717	0.083993224	51.94233834	0.0895	N/A	CPL	51.9	0.0895	28.7309	050922C	10.50333575257564	0.2822321395727221
051016B	0.9364	4.25742	4.19925	4.3156	-11.5896	-11.635	-11.5443	1.73	0.17	0.16	1.14771	1.09917	1.19625	2.3	6.1	0.836587421	0.055284255	3.970424926	0.058175	45.98039251	0.05366828	L	L-G	7.49e-8	7.77e-9	-0.788688	0.648063636	44.9248	9.487848485	0.970433531	0.096938565	50.50897697	0.0625	S	CPL	50.5	0.0625	28.2741	051016B	16.162061895987733	0.30449716877185473
060912A	0.94	2.455171016	2.298606152	2.61173588	-10.10808621	-10.25550616	-9.960666254	1.615	0.437	0.28	1.045731532	1.016793746	1.074669317	1.5	6	0.774811992	0.111560548	2.167369286	0.156564864	47.43270728	0.160133778	SEE	SEE	5.88e-7	2.11e-8	-1.19628	0.203263636	86.3861	30.76787879	0.795925625	0.082919298	51.32190967	0.0478	S	CPL	51.3	0.0478	28.2762	060912A	12.654873739619909	0.1819738631932419
061222A	2.088	3.92091	3.89648	3.94535	-9.95369	-9.9768	-9.93058	1.86	0.13	0.12	1.35061	1.33254	1.36869	2.38	6.2	0.853975044	0.072945231	3.431232708	0.024435	48.48429227	0.043706316	L-G-P	L-G	7.33e-7	1.51e-8	-0.486808	0.128506667	225.828	69.03333333	0.268923089	0.040708328	51.80106517	0.0664	Wind	CPL	51.8	0.0664	28.7037	061222A	10.9583868077614	0.2183127007275664
080916A	0.689	3.60698	3.53348	3.68047	-10.7527	-10.8119	-10.6935	1.83	0.31	0.29	0.998947	0.972899	1.025	3	6.1	0.91475114	0.087173561	3.37935035	0.073495	46.52845036	0.072232549	XRF	XRF	2.51e-7	1.07e-8	-0.164148	0.270045758	138.254	39.04060606	0.603646588	0.073524941	50.5010602	0.056	S	CPL	50.5	0.056	28.1103	080916A	16.20066502460206	0.2736317596041527
090429B	9.4	3.19881	3.0754	3.37249	-10.9294	-11.1042	-10.7647	1.74	0.26	0.25	1.4371	1.35176	1.5339	1	5.4	0.543965469	0.196869504	2.181776661	0.148545	48.85570112	0.231343788	IS	IS	1.03e-7	9.e-9	-0.653292	0.529739091	56.0613	15.9840303	0.200600605	0.127414219	52.36480212	0.2784	Wind	CPL	52.4	0.2784	29.4751	090429B	9.252747270344518	0.7728812693014647
090516A	4.1	4.33113504	4.301419725	4.360850355	-11.27458086	-11.31237691	-11.23678481	1.502	1.32073313	0.362558961	1.760983139	1.70763155	1.814334727	3	6	0.444252676	0.369199244	3.623564864	0.029715315	47.58541712	0.362897031	L	L	1.42e-7	2.93e-8	2.82817	3.059932424	52.3451	7.946848485	0.162414684	0.129493059	51.57522314	0.3577	N/A	CPL	51.6	0.3577	29.0566	090516A	11.727415694112782	1.2599372197782777
100621A	0.542	3.641643859	3.581188784	3.702098934	-9.803161737	-9.844444214	-9.761879261	1.27	0.767219004	0.465859421	0.940793212	0.916615947	0.964970477	2.6	6.3	0.728951119	0.117962392	3.453559485	0.060455075	47.12620266	0.081507481	N-E	N-E	9.32e-7	1.77e-8	-0.945834	0.127078788	90.6319	8.845969697	0.84180295	0.023110723	50.96120641	0.0145	N/A	CPL	51	0.0145	27.9837	100621A	14.104681670304089	0.061551881207378936
100704A	3.6	3.625034952	3.57139558	3.678674325	-10.35197547	-10.39960993	-10.30434101	2.29	0.32	0.3	1.012942109	0.994802149	1.031082068	2.8	6.3	1.556681525	0.446321777	2.96227712	0.053639372	48.91829067	0.133318448	SEE	SEE	3.98e-7	1.39e-8	-0.565382	0.218560909	194.067	165.8166667	0.183176395	0.083534002	51.94068592	0.1986	ISM	CPL	51.9	0.1986	28.9894	100704A	10.508546932281504	0.6265621457699372
100724A	1.288	2.865025016	2.696096259	3.033953773	-10.67686549	-10.82429366	-10.52943732	1.83	0.27	0.17	1.112376912	1.047374043	1.17737978	2	6	0.868745317	0.095872193	2.505568996	0.168928757	47.25200428	0.155022926	S	S	1.07e-7	1.12e-8	0.037099	0.767824242	45.1547	5.724030303	0.886458943	0.084844777	50.96878575	0.0615	S	CPL	51	0.0615	28.4454	100724A	14.072555837512839	0.2602513443777879
100814A	1.44	5.227294768	5.191947631	5.262641906	-11.49332637	-11.53695273	-11.44970001	2.1425	0.276002264	0.241099564	1.765329405	1.681314236	1.849344573	2.8	6	1.135541603	0.15871906	4.839904942	0.035347138	46.67162931	0.074753707	SEE	SEE	2.74e-7	1.09e-8	0.407887	0.32669897	155.903	35.72393939	0.274937079	0.061084823	50.98677597	0.098	ISM	CPL	51	0.098	28.5053	100814A	13.996597925994568	0.41280358942290934
100816A	0.8	3.978012985	3.865998981	4.09002699	-11.55672426	-11.64347348	-11.46997504	2.09	0.34	0.31	1.044550126	0.997374972	1.09172528	2.8	6	1.054325051	0.122065707	3.72274048	0.112014004	45.94518974	0.100267646	SEE	SEE	1.61e-7	1.88e-8	-0.494233	0.162995758	153.042	33.26060606	0.590660817	0.04883805	50.45737776	0.0621	ISM	CPL	50.5	0.0621	28.1899	100816A	16.415352374745893	0.3072608363058161
100906A	1.727	3.940747677	3.900814362	3.980680993	-10.46986676	-10.51860984	-10.42112367	1.87	0.12	0.12	1.712200563	1.652860479	1.771540647	2.6	6	0.877729979	0.064039314	3.505062539	0.039933315	47.77785435	0.058136934	SEE	SEE	7.95e-7	2.17e-8	-1.00777	0.165867879	138.371	60.48424242	0.519414758	0.086390827	51.92002445	0.0732	ISM	CPL	51.9	0.0732	28.6026	100906A	10.573925859037	0.23234659278311712
110106B	0.618	3.872039463	3.81332506	3.930753867	-10.81420494	-10.85974849	-10.76866138	2.03	0.2	0.19	1.225198834	1.175307606	1.275090062	2	6	1.014540423	0.057694891	3.663060946	0.058714404	46.39675737	0.051809072	L	L	8.9e-8	1.55e-8	-0.515762	0.705016667	72.9586	185.2796364	0.839622629	0.794574529	50.07839711	0.4179	ISM	CPL	50.1	0.4179	28.0527	110106B	18.403476183530604	2.3222608476627458
110422A	1.77	3.500669708	3.471196996	3.530142421	-9.681672985	-9.705810392	-9.657535579	1.778	0.112	0.102	1.422398856	1.39961914	1.445178572	2	6	0.797571251	0.052696095	3.058189939	0.029472712	48.55072174	0.037496243	L	L	2.73e-6	5.87e-8	-0.680223	0.138376061	276.948	222.6066667	0.337122053	0.075041973	52.29463247	0.0971	Wind	CPL	52.3	0.0971	28.6157	110422A	9.44959200115612	0.27534521445823484
110503A	1.61	2.541665548	2.512777587	2.570553509	-9.082336001	-9.111334072	-9.05333793	1.687	0.061	0.059	1.146490626	1.140200712	1.15278054	1.9	6	0.740613324	0.025836638	2.125025041	0.028887961	49.01659764	0.032717392	L	L	2.79e-6	8.23e-8	-0.162546	0.201226364	130.196	19.38636364	0.361410161	0.047245684	52.23340253	0.0582	N/A	CPL	52.2	0.0582	28.5651	110503A	9.62479257445492	0.16807097288155204
110715A	0.82	2.611097194	2.575496314	2.646698075	-9.075883162	-9.099659691	-9.052106632	1.755	0.074	0.071	0.958535376	0.9489813	0.968089452	1.9	6	0.863540101	0.02272191	2.351025806	0.035600881	48.36572437	0.026380075	L-G	L-G	4.24e-6	4.75e-8	-0.984887	0.079349697	151.992	19.78060606	0.682459657	0.025423286	51.967082	0.0169	N/A	CPL	52	0.0169	28.203	110715A	10.425613060273864	0.0528695925597379
110731A	2.83	5.089520716	4.998817901	5.18022353	-12.08537383	-12.18279233	-11.98795534	1.39	0.47	0.21	1.423519273	1.312663972	1.534374574	4.5	6	0.440807269	0.121976456	4.506321942	0.090702815	46.3861844	0.154700433	L	L	8.91e-7	1.88e-8	-0.774482	0.132797576	135.193	24.08848485	0.32720573	0.044794293	52.2919804	0.0602	ISM	CPL	52.3	0.0602	28.864	110731A	9.457113709918524	0.1706730680370216
120729A	0.8	3.521384868	3.474090097	3.56867964	-10.29748949	-10.36655781	-10.22842117	1.645	0.161012422	0.134350288	2.263127344	2.133038862	2.393215826	2.3	5	0.811667694	0.042701164	3.266112363	0.047294772	47.09082824	0.072749282	D	D	1.93e-7	1.01e-8	-0.777151	0.315375758	64.9848	10.55963636	0.849042975	0.059439121	50.69255925	0.0379	N/A	CPL	50.7	0.0379	28.1899	120729A	15.292557451928465	0.17464127221065529
120802A	3.796	3.538384192	3.31782698	3.758941404	-11.17207165	-11.25010386	-11.09403944	1.91	0.31	0.2	0.542155161	0.423992871	0.660317451	2.4	4.3	0.868402119	0.210408292	2.857505018	0.220557212	47.89956468	0.131002677	L-G	L-G	2.08e-7	1.14e-8	-1.19407	0.3032	84.0564	281.3331818	0.478657428	0.752325065	52.13135026	0.683	ISM	CPL	52.1	0.683	29.0168	120802A	9.924084205053017	2.0340685942437395
120804A	1.3	2.56606	2.38804	2.74408	-9.76499	-9.93053	-9.59945	1.86	0.38	0.35	1.09546	1.05838	1.13255	2.17	6	0.889934622	0.163970093	2.204332164	0.17802	48.18430859	0.183865345	IS	IS	8.66e-7	2.86e-8	-0.978508	0.202497879	156.158	194.850303	0.565444674	0.188759823	51.68974061	0.1457	S	CPL	51.7	0.1457	28.4504	120804A	11.330905481640412	0.49574582765419034
120811C	2.67	3.159095907	3.074895606	3.243296209	-10.14322956	-10.19617642	-10.0902827	1.65	0.40607881	0.224610774	1.016132987	0.978131997	1.054133977	2.3	6	0.63440541	0.157643465	2.594429843	0.084200301	48.42537959	0.120206651	L-G-P	L-G	2.6e-7	1.1e-8	-1.01966	0.252895455	60.0747	8.017272727	0.618820989	0.08111594	51.97322724	0.0598	S	CPL	52	0.0598	28.8335	120811C	10.406399933488231	0.18686204234626275
121128A	2.2	3.23392922	3.204133652	3.263724787	-9.618411717	-9.64710174	-9.589721693	1.9455	0.127475488	0.106800047	1.545465839	1.513020838	1.57791084	2.2	5	0.938575744	0.077502971	2.728779242	0.029795568	48.91600556	0.045925957	L-G-P	L-G	1.04e-6	2.1e-8	-0.495255	0.136096061	107.708	9.817030303	0.374054392	0.035113467	52.15321282	0.0417	ISM	CPL	52.2	0.0417	28.7314	121128A	9.8591898104533	0.12335363306075633
130420A	1.297	3.56731	3.48196	3.65266	-10.8721	-10.9272	-10.8171	2.17	0.15	0.14	0.914676	0.885986	0.943367	2.8	6.2	1.151853826	0.084177875	3.206149005	0.08535	47.18675578	0.063543906	L-G	L-G	2.16e-7	1.07e-8	-1.03025	0.294732121	57.9559	9.424363636	0.820838498	0.071677982	51.24694609	0.0436	N/A	CPL	51.2	0.0436	28.4491	130420A	12.943263957546746	0.1696367396795036
131004A	0.71	3.19808	2.95348	3.44268	-10.0154	-10.3553	-9.67559	2.09	0.29	0.27	2.10218	1.82471	2.37965	2	4.5	1.049469085	0.095545029	2.96508389	0.2446	47.35731549	0.342147238	S	S	2.21e-7	1.06e-8	-0.851597	0.288836364	63.3739	9.28869697	0.881696138	0.048850421	50.64049484	0.0318	Wind	CPL	50.6	0.0318	28.1263	131004A	15.534225617135304	0.14885223609339868
131030A	1.29	2.84594	2.81837	2.87352	-9.29414	-9.31932	-9.26897	1.693	0.051	0.036	1.11188	1.10373	1.12003	2.5	6.2	0.77540841	0.016937741	2.486104518	0.027575	48.58703482	0.026903079	L-G-P	L-G	2.65e-6	4.61e-8	-0.584711	0.113286364	229.293	63.64	0.415626562	0.041193522	52.03424754	0.0437	N/A	CPL	52	0.0437	28.4462	131030A	10.217541069409293	0.13401308230297715
131117A	4.042	2.87134	2.74673	2.99595	-10.8393	-10.9216	-10.757	1.86	0.28	0.23	0.951056	0.9148	0.987311	2.2	5.5	0.797325405	0.199350546	2.168737159	0.12461	48.26003247	0.136249005	L	L-G	4.28e-8	6.5e-9	0.953613	1.275690606	53.7241	9.390878788	0.250954179	0.126059985	51.22824134	0.2279	S	CPL	51.2	0.2279	29.0492	131117A	13.016249912490567	0.8918678694500733
140206A	2.7	3.59073	3.5694	3.61205	-9.7298	-9.74279	-9.7168	1.672	0.117180416	0.073375745	1.22509	1.20954	1.24063	2.6	6.2	0.651073223	0.049187769	3.022528276	0.021325	48.86180876	0.035290123	L-G-P	L-G	1.69e-6	2.62e-8	-0.535721	0.107638182	115.633	9.167878788	0.310069686	0.027645762	52.49739817	0.0393	N/A	CPL	52.5	0.0393	28.8394	140206A	8.891952071288857	0.1048182711406443
140213A	1.208	3.829176603	3.760532714	3.897820491	-10.12566612	-10.18870194	-10.0626303	1.83	0.13	0.12	1.108879519	1.087133227	1.130625811	3.5	6.4	0.87401756	0.052446823	3.485177534	0.068643889	47.73692084	0.068210455	L	L-G	1.61e-6	3.25e-8	-1.45679	0.126369697	111.323	69.62454545	0.77670088	0.089931487	52.01763068	0.051	N/A	CPL	52	0.051	28.4109	140213A	10.268626447506875	0.15732610368030486
140430A	1.6	4.14388	4.01317	4.27459	-11.3621	-11.4482	-11.276	2.03	0.28	0.21	0.875171	0.791799	0.958544	3.6	5.2	1.029080148	0.146004834	3.728906652	0.13071	46.87302195	0.105876797	L	L-G	1.85e-7	1.21e-8	-0.790201	0.339014545	92.3218	76.52133333	0.57039962	0.243203909	51.24699193	0.1873	ISM	CPL	51.2	0.1873	28.5617	140430A	12.943085613983493	0.728938350369017
140506A	0.889	3.30686	3.23804	3.37568	-9.90438	-9.95954	-9.84922	1.9	0.423231615	0.327299557	0.948932	0.933362	0.964502	2.8	6.2	0.938375811	0.135744177	3.030628042	0.06882	47.65979038	0.083603454	L-G-P	L-G	8.67e-7	4.56e-8	-0.529779	0.365507273	100.377	33.35454545	0.664030721	0.105160732	51.35201177	0.0725	ISM	CPL	51.4	0.0725	28.2463	140506A	12.540899896135848	0.2731549956851426
140518A	4.707	3.77824	3.70812	3.84837	-11.3117	-11.4022	-11.2213	1.94	0.14	0.14	1.64981	1.46162	1.838	2.4	4.5	0.900773348	0.133116334	3.021832127	0.070125	47.99692232	0.11090664	S	S	5.98e-8	7.35e-9	0.252708	0.848900909	52.6871	9.799666667	0.268758851	0.123398388	51.56025953	0.2064	ISM	CPL	51.6	0.2064	29.1274	140518A	11.78024817567675	0.7304578424088316
141220A	1.3195	2.77561	2.71823	2.83298	-9.87283	-9.91528	-9.83037	2.1	0.26	0.12	1.42066	1.36992	1.47139	2	4.5	1.087775913	0.105386903	2.410215623	0.057375	48.17964378	0.059772844	L	L-G	8.12e-7	4.03e-8	-0.249077	0.347811515	128.642	50.33984848	0.439073601	0.110350303	51.56786165	0.1113	S	CPL	51.6	0.1113	28.4584	141220A	11.753377251476836	0.3928234253431944
150314A	1.758	2.49217	2.47632	2.50803	-8.6099	-8.62492	-8.59487	1.73	0.032	0.032	1.19079	1.18086	1.20071	2	6	0.76039552	0.014960982	2.051575738	0.015855	49.59450166	0.017284827	L-G-P	L-G	3.81e-6	6.06e-8	-0.465417	0.105857879	248.872	61.96484848	0.297269658	0.033002019	52.37722274	0.0487	N/A	CPL	52.4	0.0487	28.6121	150314A	9.218335586073618	0.13469012332439545
151029A	1.423	2.7098	2.59701	2.84531	-10.7664	-10.8566	-10.6619	2.25	0.43	-0.23	1.23481	1.16457	1.31059	2	4.6	1.24763731	0.066919216	2.325446586	0.12415	47.42669871	0.100098151	XRF	XRF	9.49e-8	1.18e-8	-0.455493	0.924927273	39.9104	8.529878788	0.955849171	0.143826706	51.05469971	0.0848	N/A	CPL	51.1	0.0848	28.4989	151029A	13.713525595620402	0.3499616538075321
151215A	2.59	3.06337	2.94749	3.17925	-10.7285	-10.8215	-10.6355	2.015	1.611839012	0.903119593	1.07478	1.00338	1.14617	2	5.5	1.019357251	0.992946595	2.508275551	0.11588	48.01408443	0.433144064	L	L-G	1.15e-7	1.23e-8	0.452103	0.749292727	65.2387	10.83154545	0.366410384	0.108482881	51.35831594	0.1368	S	CPL	51.4	0.1368	28.8175	151215A	12.517162131317004	0.5144348259796985
160227A	2.38	4.47751	4.43866	4.51636	-10.9957	-11.0263	-10.9652	1.679	0.097	0.095	1.10229	1.06795	1.13663	3.2	6.2	0.676422023	0.047930063	3.9485933	0.03885	47.47964693	0.043362434	L-G-P	L-G	4.88e-8	6.88e-9	1.99129	1.626028758	73.7237	14.236	0.234514138	0.1232319	50.70341821	0.2363	S	CPL	50.7	0.2363	28.7729	160227A	15.242634749496	1.0845834954119822
161108A	1.159	4.69106	4.50927	4.87285	-11.8136	-11.9471	-11.68	1.84	0.24	0.23	0.883711	0.802456	0.964967	2.8	6	0.884137024	0.096915677	4.356807358	0.18179	46.00947819	0.141781181	L	L-G	3.05e-8	5.31e-9	0.048462	1.608475758	35.9612	10.51606061	1.057184838	0.18998069	50.38441948	0.1087	ISM	CPL	50.4	0.1087	28.3887	161108A	16.78037539816782	0.5500111222893439
161219B	0.1475	4.0135	3.97509	4.05191	-10.1364	-10.1641	-10.1087	1.73	0.1	0.1	0.871656	0.862988	0.880324	3	7	0.963533398	0.008034447	3.953747306	0.03841	45.61580897	0.027935718	B	B	3.54e-7	1.9e-8	-0.851897	0.34230303	66.9895	14.78366667	0.98085982	0.020620378	49.30908918	0.025	N/A	CPL	49.3	0.025	27.3346	161219B	23.228417464614648	0.17637863578462581
170202A	3.645	3.77629	3.70764	3.84495	-10.6535	-10.6983	-10.6086	2.04	0.15	0.15	1.1958	1.13664	1.25495	2.4	6	1.063357819	0.148463251	3.109304282	0.068655	48.46411105	0.075419717	L-G-P	L-G	3.92e-7	1.79e-8	-0.491293	0.263834121	110.449	30.34242424	0.235227887	0.070227473	52.05593046	0.1312	S	CPL	52.1	0.1312	28.9958	170202A	10.151265063940755	0.39960227856758296
170705A	2.01	3.63746	3.57143	3.70349	-10.1867	-10.2272	-10.1461	1.66	0.18	0.17	0.774169	0.746836	0.801502	2.8	5	0.687523253	0.080352515	3.158893504	0.06603	48.11668052	0.064965998	L-G-P	L-G	1.13e-6	2.41e-8	-0.917261	0.134438788	161.283	53.27242424	0.429474938	0.060923121	52.15093098	0.0623	ISM	CPL	52.2	0.0623	28.6834	170705A	9.865942979954076	0.18445728432538572
180205A	1.409	3.21372	3.1249	3.30253	-10.3067	-10.3713	-10.2422	2.03	0.21	0.2	1.09633	1.05423	1.13842	2.5	6	1.026727286	0.112154962	2.8318832	0.088815	47.79115511	0.080107973	L-G	L-G	2.23e-7	1.42e-8	-1.05344	0.371448788	68.4196	34.49218182	0.747785324	0.176679154	51.30897697	0.1063	S	CPL	51.3	0.1063	28.4936	180205A	12.704160216727606	0.40585697906880747
180720B	0.654	3.62033	3.61419	3.62647	-8.84853	-8.8535	-8.84355	1.729	0.014	0.014	1.34127	1.3359	1.34665	3	6.3	0.872522988	0.003725278	3.401794495	0.00614	48.35681217	0.005309316	L-G	L-G	6.37e-7	9.92e-8	-0.663509	0.156776364	214.739	117.7136364	0.62503499	0.070353011	50.86440966	0.0835	ISM	CPL	50.9	0.0835	28.0827	180720B	14.52154126874807	0.3647449662825255
190106A	1.86	4.19124	4.16014	4.22233	-10.4325	-10.4611	-10.404	2.9365	1.451761775	1.000740851	1.26841	1.24141	1.29542	2.45	6.2	2.675388094	2.089350651	3.734873967	0.031095	48.3784193	0.340362817	L-G-P	L-G	3.36e-7	1.3e-8	-0.892926	0.225653939	74.7712	12.15130303	0.614299062	0.072716274	51.69810232	0.0541	ISM	CPL	51.7	0.0541	28.6422	190106A	11.302487790913158	0.183536048743511
50315	1.949	4.86356	4.81844	4.90868	-11.3757	-11.4082	-11.3433	1.856	0.084	0.082	1.10818	1.05902	1.15735	2.7	6	0.855789262	0.046555812	4.393885227	0.04512	46.98998052	0.040139674	L	L-G	1.12e-7	8.25e-9	-2.07889	0.115575758	-	-	1.089062095	0.136123251	51.52071631	0.063	N/A	PL	51.5207	0.063	28.667	50315	11.921021270095727	0.2255033108762036
50505	4.27	4.270583544	4.240515952	4.300651136	-11.04834786	-11.08106963	-11.01562609	1.973	0.083	0.082	1.462094791	1.4261685	1.498021082	2	6	0.956117161	0.079454788	3.548772929	0.030067592	48.18630988	0.048715918	L	L	1.67e-7	1.53e-8	-1.08262	0.150708788	-	-	0.217683433	0.054525908	51.81422194	0.1158	Wind	PL	51.8142	0.1158	29.0775	50505	10.91518331478809	0.37957584071435296
50730	3.97	4.05018	4.03239	4.06798	-10.0984	-10.125	-10.0718	1.5615	0.030793668	0.030372685	2.38763	2.33383	2.44143	2.2	6	0.495048471	0.014712742	3.353823611	0.017795	48.77542192	0.029566102	T	T	4.6e-8	7.64e-9	-1.31635	0.274558788	-	-	0.33414576	0.147101993	51.36565012	0.2044	N/A	PL	51.3656	0.2044	29.04	50730	12.489602967067373	0.7670546902049171
50802	1.7102	3.63973	3.60713	3.67233	-10.2869	-10.3144	-10.2594	1.8585	0.088776405	0.084037194	1.44729	1.41455	1.48003	2.1	6	0.868420987	0.045341848	3.206728659	0.0326	47.94574549	0.035642947	XRF	XRF	2.21e-7	2.15e-8	-1.2934	0.152333333	-	-	0.494357642	0.075082915	51.33237641	0.0783	Wind	PL	51.3324	0.0783	28.5973	50802	12.615126168491845	0.2968935255922681
50803	3.5	4.21721	4.16955	4.26487	-10.8602	-10.9091	-10.8113	2.218	1.350668816	0.900956297	1.52234	1.47364	1.57103	2.6	6.2	1.388034715	1.424467866	3.563997486	0.04766	48.331063	0.448368394	L-G	L-G	8.15e-8	6.67e-9	-1.23417	0.127424242	-	-	0.316045973	0.060572083	51.45996292	0.0905	Wind	PL	51.4599	0.0905	28.9748	50803	12.140611168149613	0.3301066379429185
50824	0.83	5.08558	4.95836	5.2128	-12.2388	-12.3074	-12.1703	1.86	0.18	0.16	0.954481	0.864503	1.04446	2.1	7	0.918875871	0.057211837	4.82312891	0.12722	45.24274191	0.073690478	XRF-N-E	XRF-N-E	3.25e-8	7.49e-9	-1.77779	0.355075758	-	-	0.874340797	0.187614256	49.97173583	0.1368	ISM	PL	49.9717	0.1368	28.2095	50824	19.005981129839483	0.7855805914742691
50826	0.297	4.76235	4.62377	4.90093	-12.3335	-12.5675	-12.0994	2.11	0.47	0.41	1.801	1.56568	2.03644	4	6	1.029019009	0.07136011	4.649410024	0.13858	44.12895379	0.235979779	L	L-G	3.17e-8	7.05e-9	-1.25186	0.414395152	-	-	0.823199478	0.088712156	48.8664055	0.1074	ISM	PL	48.8664	0.1074	27.6754	50826	26.576051704445106	0.8701123945649288
50904	6.29	4.6841	4.58562	4.78257	-11.4544	-11.7493	-11.1596	1.846	0.054	0.054	3.32203	2.69728	3.94677	3.2	6	0.736444394	0.047878344	3.821372472	0.098475	48.06106992	0.296198788	L	L-G	5.38e-8	9.26e-9	-1.23922	0.264940909	-	-	0.22062471	0.116116121	51.72302414	0.2405	ISM	PL	51.723	0.2405	29.2745	50904	11.218214557312603	0.810055100968412
60115	3.53	3.69688	3.57387	3.8199	-11.2952	-11.3764	-11.214	2	0.35	0.18	0.889919	0.836035	0.943803	3	6	1	0.242631099	3.040781798	0.123015	47.76251471	0.133030006	L	L-G	7.2e-8	6.82e-9	-1.27366	0.149393939	-	-	0.333771793	0.075329858	51.43827433	0.1063	ISM	PL	51.4383	0.1063	28.9792	60115	12.219986719937234	0.39036444829305433
60124	2.3	4.47599	4.43932	4.51265	-10.6893	-10.7338	-10.6449	1.99	0.353344379	0.200584147	1.3641	1.34783	1.38037	3	6.4	0.988131765	0.198029904	3.95747606	0.036665	47.91451272	0.097729797	XRF	XRF	6.33e-8	9.04e-9	-1.57664	0.212836364	-	-	0.60322862	0.153286495	51.19107983	0.1266	S	PL	51.1911	0.1266	28.7549	60124	13.162488248826575	0.500964398998751
60210	3.91	4.15028	4.11992	4.18065	-10.6679	-10.6971	-10.6387	1.979	0.322615871	0.155371329	1.20511	1.18214	1.22808	2.8	6.4	0.967135419	0.222912574	3.459198508	0.030365	48.48105468	0.10427145	XRF	XRF	1.18e-7	1.57e-8	-0.900204	0.260285758	-	-	0.173760613	0.071969203	51.47402875	0.189	N/A	PL	51.474	0.189	29.0321	60210	12.08941116959412	0.6866075561818109
60418	1.49	3.11887	3.06163	3.17612	-9.79296	-9.842	-9.74392	1.98	0.23	0.22	1.47655	1.43185	1.52126	2.6	6	0.98191979	0.12215297	2.722670653	0.057245	48.34547721	0.072964774	L-G-P	L-G	4.99e-7	1.63e-8	-1.49841	0.053854545	-	-	0.632805681	0.031090104	51.6456516	0.0256	S	PL	51.6456	0.0256	28.5236	60418	11.481937894154196	0.08834075283545793
60605	3.8	4.04162	4.00425	4.079	-11.2609	-11.3141	-11.2078	1.835	0.50798622	0.305	1.9179	1.8329	2.0029	2.31	5	0.771960708	0.298319099	3.360378763	0.037375	47.76069885	0.176045183	L-G-P	L-G	4.73e-8	6.93e-9	-0.850847	0.258882424	-	-	0.164873018	0.066952804	51.02586323	0.1875	Wind	PL	51.0258	0.1875	29.0174	60605	13.832988663488441	0.7801992546135441
60614	0.125	5.03344	5.00454	5.06234	-11.7815	-11.8244	-11.7386	1.783	0.083	0.071	1.9453	1.88548	2.00514	2.7	6.5	0.974764945	0.005357836	4.982287478	0.0289	43.81952166	0.042966363	K-SEE	K-SEE	8.37e-7	3.29e-8	-1.59796	0.062339394	-	-	0.953750195	0.007002933	49.51436642	0.0174	ISM	PL	49.5143	0.0174	27.2564	60614	21.826520808947052	0.11488117678670168
60707	3.082	3.5545	3.4266	3.68239	-10.9132	-10.9902	-10.8363	2.12	0.2	0.13	0.861995	0.825547	0.898444	2.59	6.6	1.18387203	0.166521908	2.943627	0.127895	48.0766248	0.098249482	C	C	7.59e-8	1.06e-8	-1.67716	0.221424242	-	-	0.635017598	0.197777802	51.59974579	0.1482	N/A	PL	51.5997	0.1482	28.9086	60707	11.641348227187406	0.5180716890942493
60729	0.54	5.1057	5.09287	5.11852	-11.1507	-11.1623	-11.1391	2.317	0.420429542	0.26564497	1.35481	1.34139	1.36824	2.75	7.2	1.146684834	0.102935782	4.918179279	0.012825	45.97153747	0.040674976	XRF-N-E	XRF-N-E	7.6e-8	6.11e-9	-1.82711	0.122475758	-	-	0.928067453	0.049078878	49.91114293	0.0418	S	PL	49.9111	0.0418	27.9818	60729	19.357165983879558	0.24450656785286035
60814	0.84	4.22387	4.18901	4.25872	-10.9108	-10.9461	-10.8755	1.97	0.1	0.1	1.29504	1.27047	1.3196	3.03	6.2	0.981873334	0.036285609	3.959052177	0.034855	46.61235007	0.038777294	L-G	L-G	6.06e-7	1.48e-8	-1.30068	0.03990303	-	-	0.652841269	0.015884603	51.12806218	0.015	N/A	PL	51.128	0.015	28.2159	60814	13.414275147056037	0.06051688662593295
60906	3.685	4.33479	4.26264	4.40693	-11.8833	-11.9717	-11.7948	2.06	0.18	0.17	1.71887	1.54924	1.88851	2.5	6	1.097090806	0.179699508	3.664080405	0.072145	47.2591709	0.113506449	L-G-P	L-G	1.22e-7	1.18e-8	-1.99727	0.150721212	-	-	0.995792756	0.231789388	52.1858074	0.1095	ISM	PL	52.1858	0.1095	29.0015	60906	9.763230619334614	0.32064468555719733
60926	3.208	3.351	3.25173	3.45027	-10.8475	-10.9299	-10.765	2.357	0.070229979	0.051915797	1.45111	1.3355	1.56672	2.5	6	1.670302134	0.088840815	2.726924269	0.09927	48.33359627	0.08562469	IS	IS	5.86e-8	5.43e-9	-2.37986	0.155972727	-	-	1.726081935	0.386868221	51.96303268	0.1053	Wind	PL	51.963	0.1053	28.9295	60926	10.438292753382306	0.33000712335805404
61021	0.3463	3.23849	3.2045	3.27248	-10.0409	-10.0673	-10.0145	1.785	0.170073514	0.136473441	1.01707	1.00665	1.02748	2.29	7	0.938068393	0.025911959	3.109348154	0.03399	46.53606827	0.028997811	T	T	5.44e-7	1.54e-8	-1.13396	0.046984848	-	-	0.772961737	0.010799372	50.2283118	0.0137	N/A	PL	50.2283	0.0137	27.7528	61021	17.589324451172917	0.07283400428278868
61121	1.314	3.78753	3.7705	3.80456	-10.0299	-10.0426	-10.0173	1.9485	0.07738863	0.072672209	1.35185	1.336	1.3677	2.27	6.5	0.95771279	0.036537523	3.423166645	0.01703	47.96278284	0.020845717	L-G-P	L-G	1.96e-6	2.43e-8	-1.05095	0.022127273	-	-	0.451025356	0.008372964	51.95834862	0.0097	Wind	PL	51.9583	0.0097	28.4561	61121	10.45297934983813	0.030398154117041207
61201	0.111	3.49343	3.39955	3.58732	-10.4135	-10.5071	-10.3198	1.145	0.298872883	0.176776695	1.98937	1.81986	2.15887	1.5	5.2	0.913933254	0.013866062	3.447715941	0.093885	45.04841163	0.093881511	K-S	K-S	3.55e-7	1.73e-8	-0.832446	0.085730909	-	-	0.884354454	0.007980485	48.99773355	0.0215	ISM	PL	48.9977	0.0215	27.2009	61201	25.53391627147881	0.1670333022144312
70110	2.352	4.26825	4.21425	4.32224	-11.0488	-11.1036	-10.9941	2.186	0.451559797	0.208224038	1.42725	1.3807	1.47381	2.4	6.5	1.25229471	0.302845191	3.74294599	0.053995	47.68153566	0.118440304	T	T	4.73e-8	6.48e-9	-1.46378	0.206030303	-	-	0.522783033	0.130280372	51.02600056	0.1235	Wind	PL	51.026	0.1235	28.7667	70110	13.832417221132923	0.5137851412291045
70208	1.165	3.44468	3.30354	3.58582	-10.8636	-11.0255	-10.7017	2.14	0.4	0.37	1.2125	1.149	1.27614	2	5.2	1.114202442	0.200814286	3.109222099	0.14114	47.06547287	0.179828675	L-G	L-G	3.42e-8	9.45e-9	-1.09404	0.557371212	-	-	0.496693596	0.213838947	50.11217733	0.2222	S	PL	50.1122	0.2222	28.3914	70208	18.216740714353897	1.2218124829955035
70223	1.6295	4.22335	4.02024	4.42645	-11.8633	-12.0295	-11.6972	2.03	0.7	0.58	0.991734	0.912424	1.07104	3	6	1.029428518	0.386034432	3.803476825	0.203105	46.39152235	0.232656762	SEE	SEE	3.04e-8	7.89e-9	-1.72394	0.405363636	-	-	0.765754947	0.300101673	50.60984593	0.204	ISM	PL	50.6098	0.204	28.5715	70223	15.678293316642973	0.9635786223641398
70529	2.4996	3.09323	3.02519	3.16128	-10.2468	-10.302	-10.1916	1.76	0.21	0.18	1.21432	1.17931	1.24933	2.2	5.8	0.740347445	0.109601257	2.549211592	0.068045	48.31948561	0.084738661	L-G-P	L-G	1.11e-7	1.84e-8	-1.4869	0.240866667	-	-	0.525852757	0.158660983	51.46473424	0.1494	S	PL	51.4647	0.1494	28.7988	70529	12.123219000243852	0.5440320424327384
70802	2.45	3.92184	3.6856	4.15809	-11.672	-11.8459	-11.498	1.78	0.33	0.24	1.16348	0.954603	1.37236	2.5	5.5	0.761517344	0.162889324	3.384020905	0.236245	46.88540043	0.197201101	L	L-G	2.31e-8	6.9e-9	-2.4795	0.676054545	-	-	1.810857416	1.516065272	51.29693495	0.3861	Wind	PL	51.2969	0.3861	28.7882	70802	12.750226314381383	1.4796163885567346
70809	0.2187	4.18985	3.98287	4.39684	-11.9611	-12.1528	-11.7694	1.396	0.218	0.099	1.17521	0.779564	1.57085	2.4	5	0.887397756	0.016859954	4.103953189	0.206985	44.13444675	0.191877497	K-XRF-N-E-S	K-XRF-E-S	9.07e-8	7.62e-9	-1.54443	0.123436364	-	-	0.913835425	0.022310219	49.06578642	0.038	Wind	PL	49.0658	0.038	27.5241	70809	25.010609889162595	0.28896801603818884
71003	1.60435	4.78411	4.6856	4.88261	-11.6776	-11.8135	-11.5417	1.837	0.13	0.066	1.97901	1.79591	2.16212	4	5.5	0.855541353	0.048638276	4.368410651	0.098505	46.48022017	0.138124607	L	L	6.35e-7	2.44e-8	-0.841377	0.064751212	-	-	0.32988394	0.0204458	51.54686033	0.0317	ISM	PL	51.5468	0.0317	28.5632	71003	11.827760541181272	0.11250700811860538
71020	2.146	2.311950854	2.272688793	2.351212916	-9.169100889	-9.204200711	-9.134001067	1.844	0.08	0.078	1.119196934	1.108043725	1.130350143	1.5	6.2	0.836276013	0.045890982	1.814192136	0.039262062	49.28885596	0.042426003	IS	IS	8.67e-7	1.64e-8	-0.767647	0.03180697	-	-	0.243548551	0.008878557	51.86024276	0.0178	N/A	PL	51.8602	0.0178	28.7182	71020	10.765406091114437	0.05767153129773967
80411	1.03	4.209325619	4.160050039	4.2586012	-10.11356029	-10.17399572	-10.05312486	1.91	0.13	0.13	1.28909841	1.278801617	1.299395203	3.8	6.5	0.938264655	0.052340754	3.901829581	0.049275581	47.60851779	0.065110574	L	L-G	3.04e-6	2.93e-8	-1.53419	0.017987879	-	-	0.719060232	0.009157996	52.08954798	0.0069	S	PL	52.0895	0.0069	28.3253	80411	10.049363068377234	0.020917263780522888
80430	0.767	4.217629106	4.179240584	4.256017629	-11.17223461	-11.20041558	-11.14405365	4.18	1.801	1.65	0.992697628	0.971762559	1.013632697	2.5	6.5	3.459200045	2.059373215	3.970392556	0.038388522	46.80071913	0.260080772	L-G-P	L-G	1.82e-7	8.08e-9	-1.75064	0.072306061	-	-	0.867659036	0.035715124	50.63180707	0.0263	N/A	PL	50.6318	0.0263	28.1674	80430	15.574926524615629	0.12340700028041694
80607	3.036	3.462984031	3.393324717	3.532643345	-10.05407183	-10.16449255	-9.94365111	2.06	0.49	0.45	1.725607399	1.687970012	1.763244787	3	6	1.087319231	0.432139825	2.857032873	0.069659314	48.88310428	0.20490234	L	L	2.37e-6	7.23e-8	-0.804616	0.047562424	-	-	0.18864951	0.012519096	52.55041474	0.0317	ISM	PL	52.5504	0.0317	28.9008	80607	8.751677596851428	0.08327960172158658
80710	0.845	4.09266933	4.038458543	4.146880117	-11.2325386	-11.29523358	-11.16984362	2.3	0.952955928	0.651920241	1.521337846	1.457321415	1.585354276	2	6	1.201707886	0.357946318	3.82667296	0.054210787	46.38470429	0.143752996	L	L	6.05e-8	9.63e-9	-1.84278	0.223709091	-	-	0.908196974	0.12443859	50.277384	0.0912	Wind	PL	50.2774	0.0912	28.2191	80710	17.33085319177199	0.47669090945476944
80721	2.6	2.87876286	2.871208044	2.886317675	-8.713485538	-8.720504837	-8.70646624	1.735	0.018	0.018	1.334375589	1.327939916	1.340811262	2	6.1	0.712163707	0.00995165	2.322460359	0.007554816	49.87740636	0.009279027	L-G-P	L-G	1.93e-6	1.03e-7	-0.994738	0.088898485	-	-	0.275911775	0.031418923	52.46396221	0.0546	N/A	PL	52.4639	0.0546	28.8195	80721	8.981577498637952	0.14707086074404982
80810	3.35	3.268754796	3.229016108	3.308493483	-9.931925517	-9.963756223	-9.900094811	2.079	0.079	0.076	1.445295258	1.409155963	1.481434553	2.4	6	1.123157474	0.077558195	2.630265539	0.039738687	49.12188995	0.043732971	L-G	L-G	1.69e-7	1.08e-8	-1.23648	0.103081818	-	-	0.325462295	0.04932329	51.74299547	0.0715	N/A	PL	51.743	0.0715	28.9521	80810	11.151138068567546	0.23935074324347505
80928	1.69	4.084505029	4.036588261	4.132421798	-11.12613293	-11.19061697	-11.0616489	1.99	0.11	0.11	1.760317743	1.684347008	1.836288478	3	5.5	0.990153387	0.065319838	3.654752749	0.047916768	47.15078527	0.070562185	L	L	1.58e-7	7.72e-9	-1.50413	0.075193939	-	-	0.612207629	0.045552839	51.26612457	0.0387	ISM	PL	51.2661	0.0387	28.591	80928	12.868858051251046	0.1496267141427353
81007	0.5295	3.58176278	3.497478382	3.666047178	-10.58510158	-10.6382627	-10.53194047	1.92	0.18	0.17	1.00469263	0.965557779	1.043827481	2.4	6.1	0.966576076	0.043563089	3.397213299	0.084284398	46.44237388	0.056650007	XRF-B	XRF-B	1.63e-7	1.43e-8	-2.20364	0.153509091	-	-	1.090389489	0.071128602	50.29191115	0.0474	S	PL	50.2919	0.0474	27.9715	81007	17.255078753770796	0.24672218356976944
81008	1.967	3.855508334	3.79922265	3.911794018	-10.79325557	-10.85378546	-10.73272568	1.84	0.18	0.13	1.473984673	1.409995994	1.537973352	3	6	0.840289995	0.085847315	3.383190788	0.056285684	47.5742692	0.075049954	L-G-P	L-G	1.05e-7	8.13e-9	-1.34307	0.12310303	-	-	0.489463639	0.065529816	51.15263616	0.0672	Wind	PL	51.1526	0.0672	28.6719	81008	13.315516829037774	0.2691612529773096
81029	3.847	4.481561711	4.438708301	4.52441512	-11.86226923	-11.94552003	-11.77901842	1.87	0.094	0.092	2.519603733	2.350405212	2.688802254	2.5	6	0.814495159	0.072459205	3.796088691	0.042853409	47.19532005	0.09177918	T	T	3.06e-8	8.11e-9	-1.739	0.4072	-	-	0.662356102	0.425701681	51.45411225	0.3018	N/A	PL	51.4541	0.3018	29.0237	81029	12.161972031079781	1.1029963511839418
81230	2.1	3.669593645	3.582243375	3.756943914	-11.3297064	-11.3998508	-11.259562	2.02	0.42	0.38	0.993764978	0.95338356	1.034146396	2.5	6	1.022885998	0.280556455	3.178231951	0.087350269	47.19274065	0.138236506	S	S	5.53e-8	6.45e-9	-1.43109	0.175448485	-	-	0.525362922	0.104286004	50.97614923	0.1	ISM	PL	50.9761	0.1	28.7067	81230	14.041415710835334	0.4223361727956214
90102	1.55	3.153800766	3.11221042	3.195391111	-9.456627445	-9.492867428	-9.420387462	1.667	0.108061325	0.10271441	1.424876309	1.403089714	1.446662905	2	6	0.732187179	0.043777198	2.747260586	0.041590346	48.59666737	0.044582343	L	L	5.38e-7	4.95e-8	-0.914033	0.141836364	-	-	0.361835172	0.048041608	51.47791343	0.0701	Wind	PL	51.4779	0.0701	28.5447	90102	12.075309201102222	0.2544933437306192
90205	4.7	3.70655	3.61227	3.84144	-11.3423	-11.4754	-11.2065	2.01	0.24	0.19	1.29089	1.20754	1.37591	2.6	6	1.017557005	0.230769735	2.950675144	0.114585	48.01774386	0.166666226	IS	IS	2.97e-8	5.56e-9	-1.9798	0.277175758	-	-	0.965453426	0.465749244	51.81026641	0.2247	N/A	PL	51.8102	0.2247	29.1266	90205	10.928154206712275	0.7373855021448179
90423	8.2	3.915217718	3.837574123	3.992861312	-11.28019875	-11.36589439	-11.19450311	1.77	0.19	0.18	1.432675325	1.368621959	1.496728691	3	6	0.600245344	0.149352917	2.951429891	0.077643595	48.4121111	0.137916407	IS	IS	1.24e-7	7.73e-9	-1.64895	0.092848485	-	-	0.458841069	0.094544056	52.66933322	0.0935	Wind	PL	52.6693	0.0935	29.4074	90423	8.445061819825657	0.23674323007819703
90426	2.609	2.64657	2.55801	2.76734	-10.6655	-10.7474	-10.5729	1.705	0.49	0.457	1.00429	0.962438	1.04777	1.7	6	0.684811224	0.252219895	2.089183118	0.104665	47.91201768	0.182202006	S	S	1.56e-7	1.44e-8	-1.73956	0.134648485	-	-	0.715869996	0.123710928	51.79083108	0.085	S	PL	51.7908	0.085	28.8214	90426	10.992111917316624	0.28068788266496364
90510	0.903	3.17793555	3.142933083	3.212938016	-10.11471036	-10.15694036	-10.07248037	1.6405	0.095185346	0.078212851	2.00074629	1.929305882	2.072186698	2	5	0.793490544	0.026827164	2.898496762	0.035002466	47.39336916	0.044709792	S	S	4.31e-7	3.22e-8	-0.894917	0.125966364	-	-	0.491130545	0.039806493	50.93381469	0.0479	Wind	PL	50.9338	0.0479	28.2547	90510	14.221403426550134	0.2048992623130268
90519	3.85	3.44619	3.2059	3.68648	-11.76	-11.9715	-11.5486	1.63	0.33	0.27	1.42452	1.11802	1.73102	2.6	4.3	0.557539391	0.160062332	2.760448261	0.24029	47.13378125	0.245471554	L	L-G	6.86e-8	1.06e-8	-0.30749	0.389413636	-	-	0.069083646	0.042477865	50.82301091	0.2753	ISM	PL	50.823	0.2753	29.0241	90519	14.703607894989247	1.2183502582072694
90530	1.266	3.683946399	3.56858137	3.799311427	-11.16037428	-11.2495499	-11.07119865	2.09	0.63	0.56	0.886105811	0.847591609	0.924620012	2.7	6	1.076399262	0.317517961	3.328686493	0.115365029	46.84306501	0.156090281	SEE	SEE	2.66e-7	1.53e-8	-1.28986	0.086672727	-	-	0.55939133	0.039660673	51.1433317	0.0397	ISM	PL	51.1433	0.0397	28.4361	90530	13.352823155625064	0.15948920521484203
90618	0.54	3.672754528	3.658508915	3.68700014	-9.639275838	-9.648971093	-9.629580584	1.8945	0.12583819	0.120872867	1.309428612	1.298836996	1.320020228	2.8	6	0.955468918	0.03084297	3.485233807	0.014245612	47.40373412	0.017045133	XRF-C	XRF-C	3.13e-6	3.53e-8	-1.36072	0.020712121	-	-	0.758790271	0.00678596	51.43905516	0.0062	ISM	PL	51.439	0.0062	27.9818	90618	12.21711998810127	0.022942746116830694
90812	2.452	3.52924	3.39666	3.66182	-10.1673	-10.2734	-10.0611	1.53	0.22	0.19	1.37252	1.2884	1.45664	3	6	0.558607459	0.085986793	2.991169213	0.13258	48.25638795	0.125446833	L	L-G	3.52e-7	1.33e-8	-0.862179	0.063048182	-	-	0.244214676	0.019076532	51.61100297	0.0377	Wind	PL	51.611	0.0377	28.7887	90812	11.602052030656633	0.1313270690128249
91018	0.971	2.896555345	2.862057467	2.931053222	-9.626765539	-9.651054142	-9.602476935	1.91	0.108166538	0.10404326	1.180748671	1.164413557	1.197083785	1.9	6	0.940758614	0.041049305	2.601868721	0.034497877	48.03312577	0.030806545	L-G-P	L-G	5.91e-7	1.22e-8	-2.19323	0.038245455	-	-	1.140098296	0.029586816	51.51519537	0.0144	N/A	PL	51.5152	0.0144	28.2936	91018	11.940810043292126	0.0517259496928869
91020	1.71	2.952650108	2.907378853	2.997921363	-9.71287528	-9.747355967	-9.678394593	1.895	0.125299641	0.120933866	1.174172639	1.155927778	1.1924175	2.4	6	0.900613027	0.066995282	2.519680817	0.045271255	48.53545315	0.04725071	L-G-P	L-G	3.64e-7	1.71e-8	-1.18388	0.07539697	-	-	0.443246283	0.033317452	51.5010753	0.0385	N/A	PL	51.5011	0.0385	28.5973	91020	11.991571470574945	0.13868130510049675
91127	0.49	3.984668123	3.962732917	4.00660333	-9.845087061	-9.863649576	-9.826524545	1.758	0.084594622	0.079711982	1.395817008	1.382229699	1.409404317	2	6.5	0.908006428	0.018028481	3.811481855	0.021935207	47.07434916	0.020467579	XRF-A	XRF-A	2.99e-6	1.07e-7	-1.82982	0.057248485	-	-	0.934387803	0.021331446	51.40752444	0.0184	N/A	PL	51.4075	0.0184	27.9311	91127	12.333421777647603	0.06812068376685716
050416A	0.6535	2.99481	2.92405	3.06558	-10.5564	-10.6048	-10.508	1.9	0.19	0.18	0.842217	0.827268	0.857165	2	6.5	0.950954154	0.053619658	2.776405801	0.070765	46.68551493	0.054242138	XRF-D-IS	XRF-D-IS	2.22e-7	1.46e-8	-2.83634	0.117336364	-	-	1.522860661	0.089860631	50.79311559	0.0383	S	PL	50.7931	0.0383	28.0823	050416A	14.836517386233455	0.17119555337391615
051109A	2.346	3.91123	3.86486	3.9576	-10.5194	-10.5676	-10.4713	2.06	0.270601183	0.161012422	1.22299	1.20383	1.24214	2.3	6.1	1.075156182	0.169838208	3.386704063	0.04637	48.14200191	0.083814697	L	L-G	3.01e-7	3.03e-8	-1.44795	0.150809091	-	-	0.513375876	0.093507325	51.81953586	0.0904	S	PL	51.8195	0.0904	28.7653	051109A	10.89778237124928	0.2956709446365966
051109B	0.08	3.65548	3.52884	3.78213	-11.5749	-11.6671	-11.4827	2.06	0.29	0.27	1.251	1.12883	1.37317	1	6.1	1.00462834	0.013120502	3.622056245	0.126645	43.62546292	0.092374296	N-E	N-E	3.7e-8	6.52e-9	-1.85134	0.270387879	-	-	0.988624171	0.020572609	47.7615287	0.077	S	PL	47.7615	0.077	27.0496	051109B	37.31886478388835	0.8924692072989786
051221A	0.547	4.20075	4.11566	4.28583	-11.6936	-11.7566	-11.6306	1.89	0.2	0.19	1.09586	1.0401	1.15162	3	6.1	0.953138617	0.049148406	4.011259686	0.085085	45.3618453	0.066861836	S	S	1.02e-6	1.86e-8	-1.27041	0.031618182	-	-	0.727360583	0.010034353	50.94507887	0.01	N/A	PL	50.9451	0.01	27.9885	051221A	14.173286748119095	0.042489360619772425
060223A	4.41	2.78682	2.55205	3.02159	-10.9636	-11.1618	-10.7654	1.84	0.26	0.17	1.1892	1.00915	1.36925	2	4	0.763288005	0.167911128	2.053622735	0.23477	48.2063512	0.220024353	L	L-G	9.94e-8	8.73e-9	-1.57879	0.131760606	-	-	0.491100052	0.109242615	51.97572273	0.1039	Wind	PL	51.9757	0.1039	29.094	060223A	10.398607951171059	0.3242179648505593
060502A	1.51	3.3865	3.31142	3.46159	-10.5532	-10.6099	-10.4964	1.87	0.22	0.19	0.897152	0.876627	0.917678	2.3	6.4	0.887242662	0.101445694	2.986826279	0.075085	47.55549772	0.075407717	S	S	1.67e-7	1.21e-8	-0.937086	0.122572424	-	-	0.375994252	0.042412636	50.9589564	0.0582	ISM	PL	50.9589	0.0582	28.5307	060502A	14.114232826312174	0.24700215633600028
060510B	4.9	4.43617	4.11989	4.75245	-12.2656	-12.4862	-12.045	2.38	0.54	0.48	1.00735	0.775981	1.23872	3.2	6	1.963015661	1.076952863	3.665317988	0.31628	47.42237543	0.324705688	T	T	4.51e-8	6.22e-9	-1.39765	0.216151515	-	-	0.343302757	0.131711069	51.58529898	0.177	ISM	PL	51.5853	0.177	29.1479	060510B	11.691975117763585	0.6217465162154782
060607A	3.082	4.37412	4.34828	4.39996	-11.0226	-11.0987	-10.9465	1.564	0.078654307	0.0545	3.43151	3.2684	3.59463	2.7	5.4	0.541575952	0.03073741	3.763247	0.02584	47.62757941	0.079992271	T	T	1.28e-7	7.57e-9	-1.07759	0.095376667	-	-	0.273227643	0.036655014	51.4596146	0.0637	N/A	PL	51.4596	0.0637	28.9086	060607A	12.14188182114274	0.2323575791895372
060904B	0.703	3.87074	3.78945	3.95204	-11.1163	-11.2029	-11.0296	2.58	0.761593724	0.48931074	1.36265	1.3205	1.4048	2.69	6.2	1.3617723	0.274818352	3.639525352	0.081295	46.35901879	0.123246955	XRF-C	XRF-C	2.09e-7	1.19e-8	-1.21086	0.088072727	-	-	0.656960522	0.030804329	50.47849363	0.032	S	PL	50.4785	0.032	28.121	060904B	16.311215847081115	0.1575434416431583
061110A	0.758	2.24614	2.21279	2.27949	-8.33235	-8.54265	-8.12205	2.977	0.062	0.059	4.46435	4.34489	4.58381	1.67	3.9	1.735335442	0.035897986	2.001121129	0.03335	49.32842575	0.210491812	L	L	2.85e-8	6.22e-9	-2.03985	0.337927273	-	-	1.02273708	0.194985568	49.88595637	0.1259	N/A	PL	49.8859	0.1259	28.1611	061110A	19.505081691769313	0.7419903871603493
070714B	0.92	3.22974	3.13514	3.32434	-10.7429	-10.8422	-10.6435	1.93	0.15	0.14	1.64623	1.5378	1.75465	2.47	5	0.955364092	0.054766769	2.946438771	0.0946	46.86580113	0.102421881	K-SEE	K-SEE	2.71e-7	1.04e-8	-0.882076	0.063144545	-	-	0.482270566	0.0198651	50.74486294	0.0245	ISM	PL	50.7448	0.0245	28.2646	070714B	15.053608751412751	0.1108166858850007
070721B	3.626	3.94739	3.88071	4.08239	-10.5089	-10.8304	-10.1008	1.52	0.12	0.12	2.5054	2.42127	2.60415	3.6	5.2	0.479403608	0.053403559	3.282184372	0.10084	48.25732136	0.367993924	T	T	1.57e-7	1.52e-8	-0.834882	0.16709	-	-	0.167863761	0.042961458	51.50605705	0.1188	N/A	PL	51.506	0.1188	28.9931	070721B	11.973637415878759	0.4273500733803274
070810A	2.17	3.36583	3.29396	3.4377	-10.7777	-10.8395	-10.716	2.02	0.34	0.32	1.36994	1.29203	1.44786	2	5	1.023342911	0.236132608	2.864770738	0.07187	47.77971946	0.117709294	S	S	1.25e-7	9.47e-9	-1.81239	0.114027273	-	-	0.805371527	0.105952154	51.55166438	0.0659	Wind	PL	51.5516	0.0659	28.7241	070810A	11.81070366306135	0.23376145674125745
080319B	0.937	5.367999124	5.28037267	5.455625577	-12.15166808	-12.24944753	-12.05388862	1.73	0.19	0.19	1.422509787	1.347369882	1.497649692	4.8	6.5	0.836517445	0.063685175	5.080869503	0.087626453	45.41897517	0.103218269	XRF-C	XRF-C	2.37e-6	2.63e-8	-0.98922	0.020663636	-	-	0.512595893	0.007002862	51.73181345	0.0077	Wind	PL	51.7318	0.0077	28.2745	080319B	11.188644559176392	0.02571081353404974
080319C	1.95	3.19029	3.15122	3.24548	-8.91652	-8.96407	-8.86399	2.94	2.350765833	1.950775487	1.45203	1.4267	1.48378	1.4	6	2.764602491	3.898449447	2.720467984	0.04713	49.95897227	0.614452739	L	L-G	4.65e-7	1.98e-8	-1.06733	0.065181818	-	-	0.364595329	0.025709085	51.66308067	0.0358	ISM	PL	51.6631	0.0358	28.6673	080319C	11.42199171892862	0.1227803807210707
080905B	2.374	3.678206148	3.63938066	3.717031637	-10.11185797	-10.14422254	-10.0794934	1.375	0.165604952	0.154434452	1.369462258	1.336160506	1.402764009	2.2	6	0.467637496	0.055152825	3.15006107	0.038825488	48.20051491	0.060588713	SEE	SEE	1.26e-7	1.3e-8	-1.43876	0.176021212	-	-	0.50534021	0.10817273	51.44765737	0.1032	S	PL	51.4476	0.1032	28.7716	080905B	12.185582835121508	0.37770602680607357
081028A	3.038	4.75426	4.7306	4.7911	-11.3994	-11.4547	-11.3403	1.945	0.072	0.071	2.20023	2.15344	2.26287	3.7	6	0.92610633	0.056013207	4.148093685	0.03025	47.46876771	0.06294288	U	U	4.09e-8	6.36e-9	-1.63905	0.233263636	-	-	0.604232761	0.196724657	51.29436116	0.1567	ISM	PL	51.2943	0.1567	28.9011	081028A	12.76009405400582	0.6009721216147573
081203A	2.1	4.02089	3.98157	4.06021	-10.9244	-10.9813	-10.8674	1.915	0.455	0.39	1.86904	1.80465	1.93344	3	6	0.908310336	0.263144326	3.529528306	0.03932	47.54645407	0.13810708	L	L	2.46e-7	1.14e-8	-1.17416	0.071345455	-	-	0.392838332	0.031710067	51.49777372	0.0404	Wind	PL	51.4978	0.0404	28.7067	081203A	12.003471913841215	0.14578640881400998
090418A	1.608	3.528136567	3.497377547	3.558895588	-10.04734554	-10.07600494	-10.01868613	1.98	0.148660687	0.141598023	1.529096669	1.486942155	1.571251182	2.1	5.6	0.981010935	0.082713269	3.11182898	0.03075902	48.17233996	0.04649929	L-G-P	L-G	1.58e-7	1.66e-8	-1.29276	0.167690909	-	-	0.507657284	0.081603757	51.13226217	0.0834	Wind	PL	51.1322	0.0834	28.5644	090418A	13.397343921628094	0.3361282326609511
090529A	2.625	4.472757799	4.253752459	4.691763138	-12.1873998	-12.30287914	-12.07192046	1.64	0.5	0.25	0.8815438	0.767868578	0.995219022	3.3	6	0.628997785	0.184103976	3.913449788	0.219005339	46.35962567	0.171737641	L	L	4.91e-8	1.11e-8	-1.66761	0.331466667	-	-	0.651765863	0.278226312	51.253228	0.21	ISM	PL	51.2532	0.21	28.8246	090529A	12.918844657839784	0.8155830626435612
090809A	2.737	4.56066	4.32235	4.79808	-11.8559	-12.1374	-11.4614	1.96	0.24	0.22	1.6367	1.22327	1.86208	3.9	5.5	0.948634852	0.174321787	3.988136902	0.237865	46.91346687	0.347293878	IS	IS	8.62e-8	1.16e-8	-1.37779	0.219187879	-	-	0.440322019	0.12723179	51.3713882	0.1385	Wind	PL	51.3714	0.1385	28.8465	090809A	12.468084005247546	0.5190323713130329
091109A	3.076	3.379338831	3.305069955	3.453607708	-11.14600534	-11.20541568	-11.086595	1.89	0.47	0.41	1.061528156	1.027808585	1.095247728	2.65	6	0.856789707	0.321037073	2.769104656	0.074268876	47.70135495	0.173234964	L	L	9.9e-8	1.82e-8	-1.35843	0.328056667	-	-	0.405968241	0.18713419	51.51871809	0.2155	S	PL	51.5187	0.2155	28.9076	091109A	11.928179695604195	0.772088556990111
091208B	1.063	3.313880941	3.260952765	3.366809118	-10.18031025	-10.21711667	-10.14350384	1.86	0.277713882	0.20838666	1.160654102	1.130151648	1.191156556	2	6	0.903587279	0.096386796	2.999381713	0.052928177	47.55929342	0.059168227	L-G	L-G	1.11e-6	4.82e-8	-1.49174	0.069439394	-	-	0.692074141	0.034801168	51.670966	0.0288	S	PL	51.6709	0.0288	28.3422	091208B	11.39497423084431	0.09857509757532261
100219A	4.7	4.721899099	4.618125636	4.825672562	-12.13530676	-12.46170239	-11.80891114	1.46	0.14	0.13	3.692984743	2.962131341	4.423838146	2.9	5.2	0.390685756	0.055634346	3.966024243	0.103773463	46.80900593	0.332202984	T	T	3.15e-8	7.21e-9	-1.42603	0.376558182	-	-	0.368256575	0.24135049	51.41721563	0.3015	N/A	PL	51.4172	0.3015	29.1266	100219A	12.29755733078568	1.1139801036609136
100316B	1.18	3.554376695	3.347027934	3.761725455	-11.14843575	-11.25274817	-11.04412333	2.08	0.24	0.2	1.362460631	1.229239671	1.495681591	2.2	6	1.064330529	0.110594568	3.215920201	0.20734876	46.77450075	0.113655511	IS	IS	7.75e-8	6.51e-9	-2.14877	0.134230303	-	-	1.122928676	0.117468462	50.83530215	0.0583	Wind	PL	50.8353	0.0583	28.3983	100316B	14.6493129727543	0.2569089078918191
100418A	0.624	5.54363	5.47702	5.62797	-12.4879	-12.5799	-12.365	1.84	0.24	0.22	1.81145	1.63793	1.97365	3	6.5	0.92535044	0.062545398	5.333043975	0.075475	44.69330352	0.111387541	XRF-D	XRF-D	5.03e-8	9.17e-9	-2.66135	0.381166667	-	-	1.378069331	0.254701333	50.05573832	0.1128	ISM	PL	50.0557	0.1128	28.0578	100418A	18.529823129080086	0.6309855822162069
100425A	1.755	3.601994145	3.486868609	3.717119681	-11.50116648	-11.57202554	-11.43030741	2.46	0.55	0.48	0.86819371	0.813116815	0.923270604	2.5	6	1.593881161	0.504159085	3.161872542	0.115125536	47.0228278	0.154569977	L	L	7.34e-8	9.16e-9	-2.35659	0.198363636	-	-	1.435300918	0.28853161	51.34429131	0.1027	ISM	PL	51.3443	0.1027	28.6112	100425A	12.57003238251153	0.3881207789778574
100513A	4.772	3.745229112	3.616612494	3.873845729	-11.57203392	-11.67021081	-11.47385703	2.36	0.42	0.37	0.963061356	0.90149192	1.024630793	3	6	1.879652108	0.788818635	2.98390279	0.128616618	48.07006784	0.207017589	L	L	4.77e-8	7.84e-9	-1.2861	0.26304697	-	-	0.286081081	0.131919494	51.50267338	0.2126	N/A	PL	51.5027	0.2126	29.1344	100513A	11.985815499642957	0.7656453449169107
100625A	0.452	2.438622571	2.199208507	2.678036635	-10.87971113	-11.2413526	-10.51806966	2.08	0.63	0.28	1.846579684	1.603598183	2.089561185	1.9	4.3	1.030284887	0.105956104	2.276655955	0.239414064	46.01082736	0.364389054	K-S	K-S	2.49e-7	1.07e-8	-0.922313	0.072230606	-	-	0.669037842	0.018022421	50.09893179	0.0221	S	PL	50.0989	0.0221	27.8892	100625A	18.28973063302082	0.12199315269046763
100728A	1.567	4.031486055	3.977723571	4.085248539	-10.17610694	-10.25218204	-10.10003184	1.96	0.19	0.18	1.558814298	1.524548502	1.593080094	3.8	6	0.962992634	0.101789204	3.622060186	0.053762484	48.00787307	0.088852235	L	L	5.28e-7	1.41e-8	-0.700784	0.04663	-	-	0.293810533	0.012915872	51.39080443	0.0224	S	PL	51.3908	0.0224	28.5506	100728A	12.395545976997928	0.08328782852645779
100901A	1.408	4.91124	4.89036	4.93886	-11.3406	-11.3651	-11.3085	2.075	0.062	0.061	1.50754	1.47701	1.54952	3	6.3	1.068130303	0.034986761	4.529583517	0.02425	46.77366227	0.031674144	L	L	5.19e-8	1.07e-8	-1.8402	0.371821212	-	-	0.868983027	0.283944714	50.73997933	0.1678	Wind	PL	50.74	0.1678	28.4932	100901A	15.07575866341587	0.7617929253084245
101219B	0.5519	4.420039515	4.253210151	4.58686888	-11.99592706	-12.08537333	-11.90648078	1.94	0.51	0.3	0.669181368	0.629790741	0.708571996	3.8	6.4	0.973975822	0.105065071	4.229175782	0.166829364	45.07826151	0.100972303	XRF-B	XRF-B	1.15e-7	2.6e-8	-1.7165	0.244457576	-	-	0.882856526	0.094848995	50.09290043	0.1087	S	PL	50.0929	0.1087	27.9932	101219B	18.323065113928095	0.6012505705906799
110213A	1.46	3.84089	3.81962	3.86665	-9.89698	-9.93009	-9.85833	2.1905	0.681520543	0.228795214	1.8412	1.81639	1.87209	2.1	6	1.187061276	0.294762085	3.449954893	0.023515	48.30204222	0.113652963	L-G-P	L-G	7.15e-8	1.88e-8	-2.82425	0.477678788	-	-	2.100043361	0.902993408	51.30131736	0.2188	ISM	PL	51.3013	0.2188	28.5127	110213A	12.733442203081779	0.8373558672674817
110808A	1.348	4.50711	4.35146	4.66277	-12.0844	-12.1681	-12.0007	2.4	0.46	0.41	0.807091	0.729491	0.884691	2.8	6	1.406951857	0.316607056	4.136411907	0.155655	46.1027646	0.128673014	S	S	3.81e-8	8.14e-9	-1.85103	0.297754545	-	-	0.880596804	0.223805907	50.56483245	0.1441	ISM	PL	50.5648	0.1441	28.4698	110808A	15.892339490662225	0.690126159096672
110818A	3.36	3.846274153	3.786625737	3.905922569	-11.28292779	-11.33807684	-11.22777874	1.83	0.2	0.18	1.371677184	1.304338994	1.439015373	3.2	6	0.778551412	0.132009144	3.206787664	0.059648416	47.61483268	0.091999722	L-G-P	L-G	1.41e-7	1.5e-8	-1.10998	0.197767879	-	-	0.269677203	0.078532071	51.58604743	0.1346	Wind	PL	51.586	0.1346	28.9536	110818A	11.68934683393366	0.4726714317885478
111008A	5	3.989933926	3.95425723	4.025610622	-10.66765993	-10.69617102	-10.63914885	1.829	0.097	0.095	1.215842875	1.188491585	1.243194166	2.5	6	0.736098845	0.076736703	3.211782676	0.035676696	48.61493265	0.053503646	L-G-P	L-G	5.41e-7	3.91e-8	-1.25893	0.111360606	-	-	0.265054665	0.052886734	52.57251191	0.0922	S	PL	52.5725	0.0922	29.1582	111008A	8.69386951170092	0.24031422478752612
111117A	2.211	3.040958613	2.872004503	3.209912722	-11.5614784	-11.7222076	-11.4007492	1.79	0.55	0.46	1.320391508	1.202614838	1.438168178	2.5	6	0.782718387	0.279465625	2.534318307	0.16895411	46.89935835	0.223334497	K-S	K-S	1.5e-7	1.37e-8	-0.590213	0.168756061	-	-	0.193083465	0.038011927	51.02858638	0.0943	Wind	PL	51.0286	0.0943	28.734	111117A	13.821662468487588	0.392135451373558
111123A	3.1516	4.42202873	4.351372959	4.492684501	-11.60816955	-11.68125782	-11.53508128	2.25	0.24	0.23	1.467233707	1.361349561	1.573117854	3.7	5.5	1.427426897	0.289396567	3.803813227	0.070655771	47.4862	0.1144312	U	U	7.33e-8	7.49e-9	-1.32759	0.1614	-	-	0.383977444	0.088219547	51.38898136	0.1092	Wind	PL	51.389	0.1092	28.9203	111123A	12.402338711777505	0.4070530437629783
111209A	0.677	4.13326	4.12281	4.14372	-9.0572	-9.07819	-9.03621	1.2529	0.0078	0.0077	2.77382	2.72947	2.81817	2.58	6.4	0.679596837	0.001650308	3.908726937	0.010455	48.07625216	0.021016478	T	T	7.59e-8	1.7e-8	-1.67788	0.373833333	-	-	0.846590537	0.163624157	50.10915422	0.1286	N/A	PL	50.1091	0.1286	28.101	111209A	18.2333735069272	0.7079963127451467
111228A	0.716	4.106278347	4.069013922	4.143542772	-10.65738581	-10.68750416	-10.62726747	1.99	0.11	0.11	1.152976617	1.129677346	1.176275889	2.7	6	0.994614594	0.03580586	3.871761063	0.037264425	46.7009632	0.033934523	SEE-N-E	SEE-N-E	8.06e-7	2.1e-8	-1.83354	0.045554545	-	-	0.914033794	0.022484566	51.22790645	0.0156	ISM	PL	51.2279	0.0156	28.1307	111228A	13.017560445775253	0.06092553884586078
120118B	2.943	3.68307	3.57391	3.83744	-10.956	-11.068	-10.8336	2.01	0.26	0.25	1.0241	0.953778	1.10809	2.5	5	1.013813962	0.214956316	3.087243223	0.131765	47.91825868	0.149046951	L-G-P	L-G	1.38e-7	1.32e-8	-1.89927	0.142154545	-	-	0.870928232	0.169855192	51.9495428	0.0943	S	PL	51.9495	0.0943	28.8845	120118B	10.480645784284558	0.296545144637107
120327A	2.813	3.485172154	3.433493057	3.53685125	-10.15210338	-10.1957283	-10.10847846	1.63	0.15	0.11	1.44859414	1.390591258	1.506597022	2.4	5.4	0.609440458	0.064266093	2.903905349	0.051679096	48.45382272	0.063249337	L-G	L-G	3.28e-7	1.12e-8	-1.25088	0.055466667	-	-	0.366911573	0.027238594	51.90160627	0.0355	Wind	PL	51.9016	0.0355	28.8609	120327A	10.632551151672264	0.11326330348912357
120404A	2.88	3.79948	3.75479	3.89136	-11.0269	-11.1683	-10.9342	1.69	0.13	0.12	1.90651	1.7885	2.03127	2.6	5.2	0.656843891	0.067467579	3.210648274	0.068285	47.63621668	0.125262195	L-G-P	L-G	7.62e-8	1.09e-8	-1.83909	0.22980303	-	-	0.803990815	0.25050346	51.63287562	0.1488	Wind	PL	51.6329	0.1488	28.8732	120404A	11.526081144903742	0.5151662891123358
120422A	0.28	5.232666974	5.014848353	5.450485595	-12.73909646	-12.85739888	-12.62079404	2.1	0.42	0.35	0.86153199	0.647080058	1.075983923	2.6	6.2	1.02499323	0.059040312	5.125457004	0.217818621	43.66278966	0.120918344	A	A	5.37e-8	9.21e-9	-1.00229	0.296906061	-	-	0.781691773	0.057293515	49.01400063	0.081	ISM	PL	49.014	0.081	27.646	120422A	25.407806917329467	0.6267206758115837
120907A	0.97	3.211382703	3.149086009	3.273679396	-10.37700557	-10.41830898	-10.33570216	1.78	0.17	0.16	1.053291038	1.024643767	1.081938308	2	6	0.861424918	0.058407499	2.916916477	0.062296694	47.24351902	0.050725489	L-G	L-G	2.28e-7	1.92e-8	-1.38869	0.130860606	-	-	0.660678009	0.058620559	50.86356698	0.0531	S	PL	50.8635	0.0531	28.293	120907A	14.525224462141352	0.23209015996608937
120922A	3.1	3.59799	3.54452	3.81127	-10.5957	-10.8072	-10.4799	2.17	0.24	0.23	1.06622	1.03418	1.10544	2.9	6	1.271081084	0.255434867	2.985206143	0.133375	48.43107046	0.185467777	L-G-P	L-G	1.06e-7	7.57e-9	-1.95087	0.115606061	-	-	0.933026393	0.152194002	51.91752117	0.0773	S	PL	51.9175	0.0773	28.9117	120922A	10.581874687665396	0.24567850423432352
121024A	2.298	4.171788233	4.106353149	4.237223318	-11.31120735	-11.37451325	-11.24790146	1.87	0.16	0.16	1.303535506	1.236874016	1.370196996	3	6	0.856302901	0.099087529	3.653537582	0.065435084	47.22949796	0.080827978	L	L	1.25e-7	1.4e-8	-1.06926	0.185487879	-	-	0.329339172	0.072897808	51.22255137	0.1078	Wind	PL	51.2225	0.1078	28.7544	121024A	13.038534406550939	0.42258739450174654
121027A	1.773	5.409190417	5.371236686	5.447144148	-11.92063319	-11.96221735	-11.87904904	2.16	0.14	0.14	1.509957635	1.451017941	1.568897328	4.5	6.6	1.177258891	0.10187939	4.966240547	0.037953731	46.48267188	0.056051502	U	U	9.14e-8	8.41e-9	-1.66714	0.147093939	-	-	0.712130696	0.106837755	51.14612279	0.0764	Wind	PL	51.1461	0.0764	28.6166	121027A	13.34162118995106	0.3065753324135687
121211A	1.023	4.209335181	4.146088022	4.272582339	-11.28203604	-11.33628681	-11.22778526	1.95	0.15	0.14	1.156156118	1.081553289	1.230758946	3	5.75	0.965384243	0.059774443	3.903339298	0.063247159	46.44509201	0.060549551	U	U	9.84e-8	1.72e-8	-0.943988	0.337659697	-	-	0.475187137	0.113051199	50.41214252	0.1282	N/A	PL	50.4121	0.1282	28.3216	121211A	16.64071224710631	0.6431499548608653
121229A	2.707	4.70907	4.32183	5.09631	-12.3592	-12.6216	-12.0968	1.99	0.52	0.28	0.900754	0.476397	1.32511	3.6	5.4	0.986983231	0.313495286	4.140047414	0.38724	46.41580764	0.296449906	L	L-G	3.51e-8	1.13e-8	-1.35264	0.807258788	-	-	0.428191004	0.452892902	50.95725544	0.4802	ISM	PL	50.9572	0.4802	28.8407	121229A	14.121457663386282	2.040151039609785
130408A	3.76	3.58393	3.51362	3.65423	-10.3302	-10.4072	-10.2532	1.945	0.5352803	0.301039864	1.39277	1.32847	1.45707	2	5.5	0.917765267	0.362897342	2.906323047	0.070305	48.75559878	0.188199036	T	T	3.45e-7	5.9e-8	-1.7771	0.233224242	-	-	0.706254796	0.256997349	52.51038862	0.1746	Wind	PL	52.5104	0.1746	29.0119	130408A	8.857373728006987	0.463781537717639
130418A	1.218	2.59006	2.52139	2.65873	-9.24742	-9.30789	-9.18695	1.198	0.048	0.042	1.28449	1.25287	1.31612	2.2	5.8	0.527884419	0.011468614	2.244098458	0.06867	48.40504632	0.061201684	L-G	L-G	3.35e-8	7.95e-9	-2.56949	0.391493939	-	-	1.574061289	0.490896792	50.65218912	0.1701	Wind	PL	50.6522	0.1701	28.4153	130418A	15.479609622911163	0.7931909529382859
130511A	1.3033	2.65954	2.57016	2.74893	-10.5162	-10.6	-10.4324	1.65	0.32	0.3	1.16497	1.11581	1.21413	2	5	0.746753596	0.117057605	2.297189492	0.089385	47.35964142	0.107967822	L	L-G	9.85e-8	1.12e-8	-1.44142	0.169869697	-	-	0.627477639	0.088932137	50.79357233	0.079	S	PL	50.7935	0.079	28.4517	130511A	14.834477705251581	0.3525632095344602
130514A	3.6	3.68772	3.60935	3.76608	-10.7207	-10.7987	-10.6427	1.65	0.45	0.29	1.17745	1.13557	1.21933	2.9	5.8	0.586185078	0.200596382	3.024962168	0.078365	48.12540113	0.167843485	L	L	2.23e-7	1.31e-8	-1.49743	0.089178788	-	-	0.46442736	0.063204779	52.09340412	0.0643	Wind	PL	52.0934	0.0643	28.9894	130514A	10.037740221977284	0.19380797563733473
130603B	0.356	3.52927	3.48415	3.5744	-10.5122	-10.5556	-10.4689	1.84	0.325729949	0.267441582	1.50729	1.43647	1.57811	1.9	5.2	0.952441806	0.052137235	3.39701031	0.045125	46.09940496	0.049440911	K-S	K-S	6.34e-7	1.72e-8	-0.852985	0.043810303	-	-	0.705173774	0.009408396	50.28306265	0.0132	Wind	PL	50.283	0.0132	27.7668	130603B	17.30119289387742	0.06862738732784868
130604A	1.06	2.071571247	1.971387234	2.17175526	-8.315649473	-8.482091198	-8.149207748	1.98	0.3	0.27	1.742079764	1.700426193	1.783733335	1.9	5.2	0.98564984	0.123039688	1.757704027	0.100184013	49.45867005	0.175048404	L	L	6.3e-8	9.59e-9	-1.31784	0.253515152	-	-	0.610790589	0.111907169	50.3658192	0.1035	ISM	PL	50.3658	0.1035	28.3407	130604A	16.874745834152826	0.5263689013509469
130606A	5.913	3.30222	3.2244	3.38004	-10.1806	-10.2487	-10.1124	1.44	0.19	0.1	1.37571	1.32385	1.42757	2.7	5.5	0.338677799	0.05754311	2.462553443	0.07782	48.93511482	0.100445115	U	U	2.34e-7	1.14e-8	-1.01167	0.075648182	-	-	0.147955922	0.021639807	52.12588037	0.0669	S	PL	52.1259	0.0669	29.2433	130606A	9.940387456421476	0.1996155380114947
130831A	0.4791	3.31959	3.23055	3.40864	-9.89284	-9.94766	-9.83803	2.01	0.122065556	0.10404326	1.28481	1.21754	1.35208	2.2	6	1.003922009	0.026925381	3.149592463	0.089045	47.04681503	0.056038887	B	B	9.44e-7	2.49e-8	-1.70336	0.04439697	-	-	0.890372895	0.015473322	50.86238699	0.0137	N/A	PL	50.8624	0.0137	27.9194	130831A	14.530383544434594	0.0599728244442774
130925A	0.347	5.84588	5.78164	5.91012	-10.6253	-10.6877	-10.563	2.5915	0.826226361	0.412354217	1.38344	1.2566	1.51028	4.2	6.5	1.192671751	0.133343685	5.716512404	0.06424	46.05800171	0.07902614	U	U	4.68e-7	2.66e-8	-1.90913	0.094033333	-	-	0.973294718	0.027262608	50.26535515	0.0275	S	PL	50.2653	0.0275	27.7538	130925A	17.39385200867258	0.14415376305028219
140419A	3.956	3.68383	3.65941	3.70825	-10.0056	-10.0296	-9.98163	1.678	0.099	0.097	1.36898	1.35109	1.38686	3	6.2	0.597265903	0.056779607	2.988698702	0.02442	48.94609938	0.047747905	L-G-P	L-G	4.18e-7	1.28e-8	-1.03015	0.048148182	-	-	0.211751703	0.016318842	52.12236858	0.036	N/A	PL	52.1223	0.036	29.0381	140419A	9.9508686810463	0.10755259495247008
140423A	3.26	3.90552	3.85057	3.96047	-10.8523	-10.9026	-10.8019	1.77	1.051712889	0.752013963	1.18974	1.14462	1.23485	2.5	6	0.716532333	0.567599068	3.276110401	0.05495	47.9779812	0.34769013	L	L	1.86e-7	1.42e-8	-1.19415	0.114142424	-	-	0.311021402	0.051450123	51.73805576	0.0791	Wind	PL	51.738	0.0791	28.9379	140423A	11.167691093786681	0.26537889142244786
140509A	2.4	3.58709	3.52293	3.70036	-11.0977	-11.1759	-11.008	1.86	0.23	-0.21	1.40649	1.312	1.52036	2.85	5	0.842544701	0.006249003	3.055611083	0.088715	47.4818573	0.084011772	L-G-P	L-G	1.18e-7	1.77e-8	-1.49284	0.234306061	-	-	0.537594915	0.154148891	51.45715968	0.1405	Wind	PL	51.4571	0.1405	28.7774	140509A	12.15084113276727	0.5128365537698875
140512A	0.725	3.53686	3.51457	3.55914	-9.50443	-9.51947	-9.48939	1.871	0.103200048	0.098234414	1.25134	1.23128	1.2714	2.4	5.5	0.932082183	0.031020689	3.300070901	0.022285	47.8390073	0.020859373	L-G-P	L-G	5.13e-7	1.39e-8	-1.24366	0.042666667	-	-	0.662074609	0.015401855	50.90543005	0.0155	S	PL	50.9054	0.0155	28.1374	140512A	14.343386005762895	0.0668157508390407
140614A	4.233	3.70006	3.60111	3.799	-10.9589	-11.0718	-10.846	1.83	0.61	0.51	1.35595	1.26281	1.4491	2.8	5.2	0.754766081	0.423945908	2.981309265	0.098945	48.16411641	0.268799106	L	L	3.34e-8	8.19e-9	-0.775289	0.69806303	-	-	0.131746191	0.152204221	50.88805213	0.5129	Wind	PL	50.888	0.5129	29.073	140614A	14.41858860573413	2.2256445022278073
140629A	2.3	2.85608	2.79447	2.91769	-9.84891	-9.8917	-9.80613	1.815	0.109658561	0.106301458	1.16056	1.12555	1.19557	2	5.2	0.801816375	0.062648469	2.33756606	0.06161	48.66416278	0.054607618	L-G-P	L-G	3.5e-7	1.87e-8	-1.35453	0.082972727	-	-	0.462716309	0.045838067	51.81825264	0.0489	S	PL	51.8182	0.0489	28.7549	140629A	10.901981831380883	0.15998177226455187
140903A	0.351	4.29222	4.21807	4.36638	-11.3095	-11.3735	-11.2456	1.57	0.15	0.15	1.22723	1.11695	1.33752	2.4	5.2	0.878654626	0.024030809	4.161564651	0.074155	45.25272382	0.065043706	K-S	K-S	1.52e-7	8.04e-9	-2.02877	0.085824242	-	-	1.008692878	0.026044248	49.80278471	0.0256	Wind	PL	49.8028	0.0256	27.7596	140903A	20.001771888637357	0.15495500066238796
141004A	0.57	3.30337	3.22143	3.3853	-10.6117	-10.697	-10.5264	2.08	0.21	0.2	1.54959	1.45185	1.64733	2	5	1.036745054	0.058102022	3.107470348	0.081935	46.52349223	0.088704449	B	B	4.3e-7	1.11e-8	-1.68888	0.041742424	-	-	0.86906388	0.016363595	50.69157193	0.0139	Wind	PL	50.6915	0.0139	28.0101	141004A	15.297104705316304	0.06392385638878324
141121A	1.47	5.76634	5.67625	5.85644	-12.6568	-12.8243	-12.4893	1.82	0.19	0.17	2.33322	2.03632	2.63012	4.4	6.2	0.849795738	0.083825534	5.373643047	0.090095	45.40438467	0.172891547	U	U	5.77e-8	1.27e-8	-1.8462	0.336406061	-	-	0.870168201	0.26469165	50.83300336	0.1628	Wind	PL	50.833	0.1628	28.5163	141121A	14.659452147338511	0.7183275434257782
150120B	0.46	3.39431	3.30378	3.48485	-10.791	-10.8621	-10.7199	1.92	0.2	0.19	1.17705	1.11935	1.23476	2	5.5	0.97017878	0.043390573	3.229957144	0.090535	46.0915975	0.07370538	L	L	7.7e-8	1.06e-8	-1.93752	0.219048485	-	-	0.976632637	0.080958869	49.77188696	0.0699	N/A	PL	49.7719	0.0699	27.8983	150120B	20.189560510862336	0.42713865759200664
150403A	2.06	3.19694	3.18997	3.20392	-8.82118	-8.82629	-8.81608	1.679	0.015	0.015	1.24471	1.24013	1.24929	2	6.2	0.698366538	0.007100578	2.711218574	0.006975	49.51510523	0.00674974	L-G-P	L-G	1.71e-6	3.81e-8	-0.917571	0.036280909	-	-	0.298017002	0.012092669	52.19894292	0.0201	N/A	PL	52.1989	0.0201	28.6965	150403A	9.724825163215312	0.05867482569860587
150910A	1.36	3.85419	3.82551	3.88287	-9.97065	-10.0028	-8.59487	1.6645	0.096509067	0.091591484	2.03808	1.97145	2.10471	2.2	5.5	0.749700884	0.036693252	3.481277997	0.02868	47.95264045	0.704285837	L-G-P	L-G	8.28e-8	2.18e-8	-1.46489	0.570074545	-	-	0.631612997	0.309175277	50.76683346	0.2413	Wind	PL	50.7668	0.2413	28.4746	150910A	14.954366545773706	1.0865392263706461
151021A	2.33	3.15765	3.10557	3.20973	-9.64218	-9.705	-9.57936	2.27	0.56	0.48	1.33346	1.31205	1.35487	2.4	5.5	1.383757357	0.524608075	2.635205766	0.05208	49.1215783	0.176226206	L	L	7.66e-7	4.6e-8	-1.42029	0.094518182	-	-	0.497890516	0.056611523	52.20419221	0.0558	S	PL	52.2042	0.0558	28.7617	151021A	9.709519858438686	0.1627110677814239
151027A	0.81	3.99907	3.98176	4.01638	-9.93519	-9.9574	-9.91298	1.9235	0.063405441	0.0585235	1.74508	1.72009	1.77007	2.7	6	0.95562519	0.020949538	3.741391425	0.01731	47.53730861	0.024164618	L-G-P	L-G	5.82e-7	2.88e-8	-1.23969	0.081806061	-	-	0.636919291	0.030914618	51.06127541	0.0301	ISM	PL	51.0613	0.0301	28.1965	151027A	13.686430094211184	0.12385649594303767
151031A	1.167	3.69323	3.5264	3.86005	-11.5208	-11.6135	-9.57936	2.24	0.28	0.26	0.897942	0.773473	1.02241	2	5	1.20394359	0.152355636	3.357371089	0.166825	46.4437586	1.018553802	XRF	XRF	1.03e-7	8.29e-9	-2.05274	0.124681818	-	-	1.041629327	0.10043588	50.91657579	0.0545	N/A	PL	50.9166	0.0545	28.3924	151031A	14.295361765855173	0.23421905835991322
160117B	0.87	4.10299	3.94092	4.26507	-11.7503	-11.8729	-11.6276	1.64	0.2	0.17	0.973333	0.879374	1.06729	3.5	5.5	0.798246498	0.056021718	3.831148393	0.162075	45.72049014	0.126380397	L	L	1.05e-7	7.85e-9	-2.02596	0.115551515	-	-	1.016382101	0.073513021	50.59745001	0.0451	Wind	PL	50.5974	0.0451	28.2347	160117B	15.736944858390002	0.21399841328597696
160121A	1.96	3.8244	3.70401	3.94478	-11.1726	-11.242	-11.1032	2.02	0.27	0.21	0.798663	0.692615	0.904711	2.4	5	1.021941026	0.161309009	3.353108289	0.120385	47.2761284	0.097548301	L-G-P	L-G	7.79e-8	8.23e-9	-1.81961	0.152063636	-	-	0.822211768	0.135679599	51.24587628	0.0851	N/A	PL	51.2459	0.0851	28.67	160121A	12.94742721538543	0.33117598395211567
160203A	3.52	3.66139836	3.574387933	3.748408786	-11.36748516	-11.45207195	-11.28289837	1.47	0.97	0.47	1.146279559	1.086088659	1.206470459	2.5	5.2	0.449548579	0.295919749	3.006259925	0.087010427	47.34006429	0.298129994	L	L	7.93e-8	1.93e-8	-2.00301	0.383312121	-	-	1.004550945	0.58086243	51.9560148	0.2725	Wind	PL	51.956	0.2725	28.9778	160203A	10.460304656992738	0.8557165224961963
160327A	4.99	3.76407	3.70374	3.8244	-11.2238	-11.2911	-11.1565	1.78	0.19	0.15	1.49693	1.39653	1.59733	2.45	5	0.674475376	0.124395963	2.986643178	0.06033	48.0187816	0.104618656	L-G-P	L-G	1.25e-7	8.77e-9	-1.56789	0.101963636	-	-	0.461387788	0.084214451	52.17530154	0.0849	Wind	PL	52.1753	0.0849	29.1572	160327A	9.79405716499229	0.2495399536998276
160804A	0.736	4.38419	4.28882	4.47957	-11.5213	-11.58	-11.4625	1.92	0.18	0.17	0.948229	0.878166	1.01829	3.1	6	0.956832729	0.055975951	4.144640279	0.095375	45.8495482	0.064008339	L	L-G	2.01e-7	1.53e-8	-1.66323	0.116227273	-	-	0.83047553	0.053241005	50.61218902	0.0433	ISM	PL	50.6122	0.0433	28.1454	160804A	15.667231838255498	0.20417687948563887
161117A	1.549	4.08464	4.04445	4.12483	-10.7485	-10.7868	-10.7101	2.375	2.050737672	0.70215739	1.141	1.11735	1.16465	3	6.2	1.420328129	1.108668114	3.678270165	0.04019	47.59186999	0.341160358	L	L-G	4.6e-7	1.15e-8	-1.77441	0.041312121	-	-	0.809705387	0.031299808	51.75911837	0.02	ISM	PL	51.7591	0.02	28.5444	161117A	11.097281613468828	0.06662841874766436
161129A	0.645	3.70506	3.65434	3.75579	-10.4365	-10.6428	-10.4303	1.71	0.17	0.16	2.32574	2.21946	2.43202	2	5	0.865589318	0.043083876	3.488894098	0.050725	46.75070745	0.108426655	U	U	2.91e-7	1.29e-8	-1.16123	0.070393939	-	-	0.658698275	0.023079409	50.53175214	0.0246	N/A	PL	50.5317	0.0246	28.0753	161129A	16.051526495443834	0.11901197350298454
170519A	0.818	4.1513	4.09907	4.20354	-11.0633	-11.1163	-11.0103	1.975	1.002110273	0.553263048	1.37345	1.30671	1.4402	2.9	5.5	0.985167674	0.277549849	3.891706121	0.052235	46.4329248	0.133339016	L	L-G	5.42e-8	7.71e-9	-1.39561	0.215418182	-	-	0.696793444	0.089721505	50.07996869	0.0833	Wind	PL	50.0799	0.0833	28.2017	170519A	18.394745561188955	0.4627172048607627
170531B	2.366	3.80257	3.68822	3.91692	-11.3962	-11.4804	-11.3121	1.99	0.35	0.28	1.02082	0.913396	1.12825	3	5	0.987936108	0.228915816	3.275455888	0.11435	47.23742728	0.131178488	L-G	L-G	5.15e-8	8.8e-9	-1.72435	0.280269697	-	-	0.715650527	0.243443101	51.20512945	0.1654	ISM	PL	51.2051	0.1654	28.7698	170531B	13.107006166372832	0.6516152857506893
170714A	0.793	4.280802321	4.256865912	4.30473873	-10.07543958	-10.14183538	-10.00904379	1.6815	0.029	0.029	3.421196945	3.271619963	3.570773926	2.8	6	0.830299311	0.008520791	4.027222031	0.023936409	47.31334876	0.066545212	U	U	2.1e-8	8.56e-9	-1.96655	0.887268182	-	-	0.98065837	0.508046927	49.7830615	0.2864	N/A	PL	49.783	0.2864	28.1852	170714A	20.12143767524048	1.7428371182701385
170903A	0.886	4.41384	4.34791	4.47978	-11.2604	-11.3013	-11.2194	2.14	0.2	0.19	0.971187	0.919918	1.02246	2	6	1.09288845	0.08194633	4.138298312	0.065935	46.36634791	0.052319382	L	L	2.56e-7	1.98e-8	-1.84979	0.123881818	-	-	0.909098378	0.071453163	50.95476294	0.0479	ISM	PL	50.9547	0.0479	28.2445	170903A	14.132051268456063	0.20369304290673798
171205A	0.0368	5.48376	5.37422	5.59331	-12.4293	-12.5012	-12.3574	1.67	0.16	0.14	1.13263	1.01717	1.24808	3	6.6	0.988144946	0.00324642	5.468065011	0.109545	42.06268618	0.071914156	A	A	5.89e-8	1.28e-8	-1.98678	0.425384848	-	-	0.999522356	0.01536566	47.26723802	0.0947	ISM	PL	47.2672	0.0947	26.699	171205A	43.54991262426867	1.2973831946311076
171222A	2.409	4.78231	4.40386	5.16077	-12.1094	-12.3191	-11.8996	2.34	0.44	0.41	0.718496	0.59154	0.845452	3.3	6	1.517375894	0.479332674	4.249682999	0.378455	46.72960833	0.250632507	L	L	3.91e-8	9.33e-9	-2.12701	0.404257576	-	-	1.168554455	0.579356642	51.31730413	0.239	ISM	PL	51.3173	0.239	28.7793	171222A	12.672403296102857	0.9103114257320224
180329B	1.998	4.02296	3.97982	4.0661	-11.1493	-11.1975	-11.101	1.77	0.12	0.12	1.50063	1.43097	1.5703	2.8	5.2	0.776834895	0.062030713	3.546128371	0.04314	47.20075559	0.05941946	L-G-P	L-G	9.09e-8	2.02e-8	-1.91187	0.350969697	-	-	0.907772095	0.34980595	51.37629371	0.1932	S	PL	51.3763	0.1932	28.6802	180329B	12.449716959288077	0.7229520514436285
180404A	1	4.20449	4.08029	4.32869	-11.6243	-11.6904	-11.5582	1.72	0.46	0.33	1.17089	1.0686	1.27318	2.4	6	0.823591017	0.136662768	3.903460004	0.1242	46.00941842	0.097788236	L	L	9.32e-8	8.25e-9	-1.67403	0.136627273	-	-	0.797761829	0.075550286	50.58945006	0.0563	S	PL	50.5894	0.0563	28.3094	180404A	15.774914766498197	0.2675388077674527
180620B	1.1175	4.6659	4.59877	4.73302	-10.9823	-11.026	-10.9386	1.9	0.11	0.1	1.09835	1.0389	1.15779	3	6	0.927721578	0.044291562	4.340076581	0.067125	46.8224835	0.048369389	L	L-G	3.29e-7	1.3e-8	-1.09862	0.063030303	-	-	0.508521462	0.024046765	51.06038511	0.0268	N/A	PL	51.0604	0.0268	28.3691	180620B	13.690095463592943	0.11038549835897321
180624A	2.855	4.171185481	4.071806426	4.270564536	-11.54404073	-11.63219066	-11.45589079	1.95	0.17	0.17	1.243849338	1.120482895	1.367215782	3	6	0.934757118	0.12995564	3.585161099	0.099379055	47.26318207	0.106845433	L	L-G	8.96e-8	1.08e-8	-1.87278	0.185448485	-	-	0.842259616	0.210766043	51.71421998	0.1206	Wind	PL	51.7142	0.1206	28.8686	180624A	11.24791336984776	0.4072088094796645
180728A	0.117	3.8695	3.85476	3.88425	-9.42335	-9.43324	-9.41347	1.8595	0.285175385	0.200202398	1.1986	1.1895	1.2077	2	7	0.984574377	0.01602331	3.821446827	0.014745	46.12004795	0.012151868	B	B	8.51e-6	8.22e-8	-1.87901	0.018812121	-	-	0.986702087	0.002053816	50.47407544	0.0043	ISM	PL	50.4741	0.0043	27.2255	180728A	16.332949337896626	0.021131295703911354
181010A	1.39	3.15711	3.0993	3.21491	-9.92652	-9.96114	-9.89191	2.115	0.163248277	0.149164339	1.07011	1.03673	1.10348	2	6	1.105390578	0.091178993	2.778712099	0.057805	48.1888235	0.049814594	L-G	L-G	1.25e-7	1.12e-8	-1.17783	0.139594242	-	-	0.488531529	0.059418887	50.85629031	0.0657	ISM	PL	50.8563	0.0657	28.4863	181010A	14.557068636627298	0.28794519055589285
181020A	2.938	4.29043	4.24287	4.33798	-10.4242	-10.606	-10.3224	2.228	0.228270125	0.169207713	2.64643	2.55445	2.73842	3.2	5.2	1.366856311	0.225660576	3.695154288	0.047555	48.5780446	0.158896452	L	L	7.6e-7	2.13e-8	-0.863463	0.045110303	-	-	0.21059455	0.013021371	52.07056886	0.0295	ISM	PL	52.0705	0.0295	28.8836	181020A	10.106765843834047	0.08945676616471367
181110A	1.505	3.7664	3.71167	3.82113	-10.3961	-10.4868	-10.3054	2.7505	0.477033542	0.19406249	1.92336	1.84893	1.99779	2.5	5.2	1.992072781	0.372010492	3.36759227	0.05473	48.06030516	0.12167213	L-G	L-G	2.39e-7	1.14e-8	-1.85221	0.075615152	-	-	0.873092395	0.060624517	51.47625014	0.0366	ISM	PL	51.4762	0.0366	28.5289	181110A	12.081345178635496	0.13295800013392692
190114A	3.37	3.74534	3.70312	3.78755	-10.7527	-10.7864	-10.7191	1.86	0.12	0.12	1.18375	1.13759	1.22991	2.6	5	0.81345325	0.087247328	3.104858563	0.042215	48.16719447	0.057463576	L-G-P	L-G	4.12e-8	9.53e-9	-1.50802	0.399853636	-	-	0.484056373	0.285442889	51.30898784	0.2751	S	PL	51.309	0.2751	28.9552	190114A	12.70411872847095	1.0506040714738585
190627A	1.942	4.71457	4.65322	4.77592	-11.3984	-11.46	-11.3369	1.964	0.135	0.089	1.55937	1.43953	1.67921	2.5	5.8	0.96189765	0.070456402	4.245927332	0.06135	47.01421321	0.069284454	S	S	5.89e-8	1.01e-8	-2.41247	0.288660606	-	-	1.560633918	0.486122896	51.39259539	0.1544	S	PL	51.3926	0.1544	28.6651	190627A	12.388876483089598	0.5748465921869946
60218	0.0331	5.07614	4.9355	5.21678	-11.8228	-11.983	-11.6626	4.17	0.42	0.38	1.3185	1.21034	1.42681	4.2	6	1.073220413	0.008472325	5.061997638	0.14064	42.61064877	0.160236682	XRF-A-U	XRF-A-U	4.68e-9	8.88e-11	-2.32	0.321	-	-	1.010474959	0.010562536	46.0774171	0.09	N/A	PL	47.9145	0.09	26.6518	60218	65.39149369247302	0.2071964642855394
60604	2.1357	4.45991	4.40997	4.50985	-11.7689	-11.8109	-11.727	2.02	0.14	0.14	1.21596	1.16901	1.26291	2.6	6.2	1.023120273	0.099211254	3.963575494	0.04994	46.77153148	0.059441793	L	L-G	2.32e-8	3.22e-9	-1.749	0.84	-	-	0.75061984	0.720592077	50.77163739	0.4314	N/A	PL	50.2379	0.4314	28.7156	60604	25.242434169698065	3.235545652859461
131105A	1.686	3.9488	3.90091	3.99668	-10.9111	-10.9445	-10.8778	1.94	0.17	0.16	1.19347	1.14803	1.23891	2.6	6	0.942439846	0.093118061	3.519693992	0.047885	47.34183612	0.054346501	L-G-P	L-G-P	2.68e-7	2.04e-9	-1.452	0.112	-	-	0.581902077	0.064394417	51.47237314	0.0562	N/A	PL	51.648	0.0562	28.5897	131105A	17.600273323708016	0.2558068551465162
151112A	4.1	4.43227	4.36926	4.49529	-11.6171	-11.6643	-11.5699	2.24	0.18	0.17	1.1526	1.08406	1.22114	2	5.8	1.478484726	0.255479557	3.724699824	0.063015	47.76508477	0.088654612	L	L	1.19e-7	1.37e-9	-1.881	0.224	-	-	0.823757059	0.30063004	52.20538231	0.1691	ISM	PL	50.4371	0.1691	29.0566	151112A	21.634688696112843	1.039310244189803
130505A	2.27	3.24559	3.22123	3.26994	-8.91732	-8.93229	-8.90234	1.724	0.031	0.031	1.3304	1.31475	1.34605	2.3	6.5	0.721082275	0.016051068	2.731042247	0.024355	49.53577484	0.017824325	L-G	L-G	2.61e-6	8.21e-9	-1.18	0.072	-	-	0.378504322	0.032288265	52.59064758	0.0413	ISM	PL	52.2892	0.0413	28.7479	130505A	12.449637763620078	0.13870144636125564
150821A	0.755	2.95174	2.93625	2.96722	-8.85242	-8.87352	-8.83131	1.848	0.039	0.038	1.82628	1.79892	1.85365	2.2	6	0.918057489	0.012048837	2.707462879	0.015485	48.52761499	0.021861124	N-E	N-E	0.0000509	2.09e-10	-2.09941	0.368585	-	-	1.057507822	0.219239966	53.14816648	0.1389	Wind	PL	50.3145	0.1389	28.159	150821A	9.950503649803373	0.26885495156715505
170405A	3.51	3.630073801	3.594403102	3.6657445	-10.31070761	-10.35896295	-10.26245226	1.612	0.184	0.089	1.811524263	1.739122876	1.88392565	2.8	6	0.557416091	0.069460653	2.975897259	0.035670699	48.48729405	0.072507671	L-G	L-G	1.54e-8	5.3e-11	-1.58757	0.118585	-	-	0.537276653	0.095970638	50.96823035	0.0835	Wind	PL	51.2754	0.0835	28.9763	170405A	26.37655445317907	0.6236618406556544
